Algorithm 1, SIATECCompressSegment
n_P, n_Q, P_est, R_est, F1_est, P_occ(c=.75), R_occ(c=.75), F_1occ(c=.75), P_3, R_3, TLF_1, runtime, FRT, FFTP_est, FFP, P_occ(c=.5), R_occ(c=.5), F_1occ(c=.5), P, R, F_1
bach_wtc2f20
3, 29, 0.30232, 0.65556, 0.41381, 0.46656, 0.34973, 0.39978, 0.21097, 0.42892, 0.28283, 0.00000, 0.00000, 0.40159, 0.26807, 0.33385, 0.43876, 0.37918, 0.00000, 0.00000, 0.00000

beet_sonata01-3
7, 34, 0.71127, 0.92934, 0.80581, 0.50926, 0.91687, 0.65482, 0.57294, 0.74609, 0.64815, 0.00000, 0.00000, 0.50116, 0.43190, 0.50083, 0.91312, 0.64687, 0.02941, 0.14286, 0.04878

chop_mazurka24-4
3, 48, 0.52141, 0.89068, 0.65776, 0.47058, 0.88696, 0.61491, 0.41622, 0.82127, 0.55245, 0.00000, 0.00000, 0.46143, 0.62532, 0.32358, 0.88535, 0.47395, 0.00000, 0.00000, 0.00000

gbns_silverswan
4, 16, 0.44053, 0.36660, 0.40018, 0.65198, 0.77540, 0.70836, 0.46541, 0.34474, 0.39609, 0.00000, 0.00000, 0.32773, 0.60959, 0.57768, 0.77540, 0.66210, 0.00000, 0.00000, 0.00000

mzrt_sonata04-2
9, 33, 0.56885, 0.65423, 0.60856, 0.49299, 0.97067, 0.65388, 0.52530, 0.57459, 0.54884, 0.00000, 0.00000, 0.37044, 0.61166, 0.43578, 0.88165, 0.58327, 0.00000, 0.00000, 0.00000

Algorithm 2, SIARTECCompressSegment
n_P, n_Q, P_est, R_est, F1_est, P_occ(c=.75), R_occ(c=.75), F_1occ(c=.75), P_3, R_3, TLF_1, runtime, FRT, FFTP_est, FFP, P_occ(c=.5), R_occ(c=.5), F_1occ(c=.5), P, R, F_1
bach_wtc2f20
3, 28, 0.26632, 0.60370, 0.36960, 0.32910, 0.16455, 0.21940, 0.18993, 0.34234, 0.24431, 0.00000, 0.00000, 0.40159, 0.26807, 0.33921, 0.42475, 0.37719, 0.00000, 0.00000, 0.00000

beet_sonata01-3
7, 33, 0.70264, 0.87888, 0.78094, 0.48018, 0.96428, 0.64111, 0.55086, 0.68393, 0.61022, 0.00000, 0.00000, 0.50116, 0.43190, 0.45945, 0.93066, 0.61519, 0.03030, 0.14286, 0.05000

chop_mazurka24-4
3, 49, 0.61742, 0.94954, 0.74828, 0.52707, 0.89076, 0.66227, 0.47116, 0.85128, 0.60659, 0.00000, 0.00000, 0.44430, 0.55973, 0.39328, 0.88194, 0.54398, 0.00000, 0.00000, 0.00000

gbns_silverswan
4, 16, 0.41169, 0.43045, 0.42086, 0.63581, 0.96139, 0.76542, 0.42415, 0.35277, 0.38518, 0.00000, 0.00000, 0.28654, 0.26559, 0.57531, 0.96139, 0.71985, 0.00000, 0.00000, 0.00000

mzrt_sonata04-2
9, 54, 0.59582, 0.77224, 0.67265, 0.50266, 0.94604, 0.65650, 0.49230, 0.62559, 0.55100, 0.00000, 0.00000, 0.31882, 0.63265, 0.47924, 0.86252, 0.61614, 0.00000, 0.00000, 0.00000

Algorithm 3, COSIARTECSegment
n_P, n_Q, P_est, R_est, F1_est, P_occ(c=.75), R_occ(c=.75), F_1occ(c=.75), P_3, R_3, TLF_1, runtime, FRT, FFTP_est, FFP, P_occ(c=.5), R_occ(c=.5), F_1occ(c=.5), P, R, F_1
bach_wtc2f20
3, 30, 0.21087, 0.65093, 0.31855, 0.48148, 0.40060, 0.43733, 0.10824, 0.44714, 0.17429, 0.00000, 0.00000, 0.65093, 0.25917, 0.36079, 0.49218, 0.41637, 0.00000, 0.00000, 0.00000

beet_sonata01-3
7, 22, 0.49056, 0.73245, 0.58759, 0.77435, 0.86573, 0.81749, 0.48229, 0.66285, 0.55833, 0.00000, 0.00000, 0.42898, 0.29908, 0.71677, 0.84273, 0.77466, 0.00000, 0.00000, 0.00000

chop_mazurka24-4
3, 60, 0.42920, 0.95576, 0.59238, 0.48611, 0.91104, 0.63396, 0.28057, 0.79226, 0.41438, 0.00000, 0.00000, 0.68177, 0.48649, 0.41672, 0.91191, 0.57204, 0.00000, 0.00000, 0.00000

gbns_silverswan
4, 15, 0.45396, 0.41491, 0.43356, 0.67157, 0.90598, 0.77136, 0.46809, 0.32263, 0.38198, 0.00000, 0.00000, 0.34669, 0.61257, 0.61437, 0.90598, 0.73221, 0.00000, 0.00000, 0.00000

mzrt_sonata04-2
9, 32, 0.38389, 0.58379, 0.46319, 0.72171, 0.93494, 0.81461, 0.40700, 0.61860, 0.49097, 0.00000, 0.00000, 0.39109, 0.43755, 0.56046, 0.65543, 0.60424, 0.00000, 0.00000, 0.00000

Algorithm 4, COSIATECSegment
n_P, n_Q, P_est, R_est, F1_est, P_occ(c=.75), R_occ(c=.75), F_1occ(c=.75), P_3, R_3, TLF_1, runtime, FRT, FFTP_est, FFP, P_occ(c=.5), R_occ(c=.5), F_1occ(c=.5), P, R, F_1
bach_wtc2f20
3, 30, 0.21094, 0.66204, 0.31994, 0.48148, 0.40060, 0.43733, 0.11493, 0.42101, 0.18056, 0.00000, 0.00000, 0.65093, 0.25917, 0.43063, 0.45148, 0.44081, 0.00000, 0.00000, 0.00000

beet_sonata01-3
7, 23, 0.58808, 0.89290, 0.70912, 0.79493, 0.93102, 0.85761, 0.54766, 0.83803, 0.66242, 0.00000, 0.00000, 0.42891, 0.30848, 0.77045, 0.87336, 0.81868, 0.00000, 0.00000, 0.00000

chop_mazurka24-4
3, 45, 0.26576, 0.92529, 0.41292, 0.53635, 0.80225, 0.64290, 0.19609, 0.78298, 0.31363, 0.00000, 0.00000, 0.47423, 0.37319, 0.43754, 0.72646, 0.54615, 0.02222, 0.33333, 0.04167

gbns_silverswan
4, 16, 0.43915, 0.35997, 0.39564, 0.64742, 0.96109, 0.77367, 0.43663, 0.34366, 0.38461, 0.00000, 0.00000, 0.30936, 0.58124, 0.53818, 0.96109, 0.68999, 0.00000, 0.00000, 0.00000

mzrt_sonata04-2
9, 23, 0.44024, 0.76223, 0.55812, 0.74078, 0.94009, 0.82862, 0.45095, 0.68447, 0.54370, 0.00000, 0.00000, 0.37845, 0.54270, 0.69130, 0.80144, 0.74231, 0.04348, 0.11111, 0.06250

Algorithm 5, ForthCTSegment
n_P, n_Q, P_est, R_est, F1_est, P_occ(c=.75), R_occ(c=.75), F_1occ(c=.75), P_3, R_3, TLF_1, runtime, FRT, FFTP_est, FFP, P_occ(c=.5), R_occ(c=.5), F_1occ(c=.5), P, R, F_1
bach_wtc2f20
3, 12, 0.31868, 0.64951, 0.42758, 0.51599, 0.47815, 0.49635, 0.22777, 0.43890, 0.29991, 0.00000, 0.00000, 0.41667, 0.25901, 0.44661, 0.47548, 0.46059, 0.00000, 0.00000, 0.00000

beet_sonata01-3
7, 13, 0.52881, 0.72869, 0.61287, 0.79144, 0.96987, 0.87162, 0.47838, 0.71597, 0.57354, 0.00000, 0.00000, 0.56363, 0.48709, 0.66075, 0.80853, 0.72720, 0.07692, 0.14286, 0.10000

chop_mazurka24-4
3, 25, 0.18307, 0.46855, 0.26328, 0.00000, 0.00000, 0.00000, 0.19833, 0.55779, 0.29262, 0.00000, 0.00000, 0.40403, 0.43549, 0.58697, 0.54333, 0.56431, 0.00000, 0.00000, 0.00000

gbns_silverswan
4, 4, 0.36524, 0.40388, 0.38359, 0.96139, 0.96139, 0.96139, 0.31307, 0.31638, 0.31472, 0.00000, 0.00000, 0.40388, 0.31307, 0.96139, 0.96139, 0.96139, 0.00000, 0.00000, 0.00000

mzrt_sonata04-2
9, 15, 0.47735, 0.68328, 0.56205, 0.86642, 0.94118, 0.90225, 0.50472, 0.67871, 0.57892, 0.00000, 0.00000, 0.35136, 0.55507, 0.74317, 0.72921, 0.73612, 0.13333, 0.22222, 0.16667

Algorithm 6, ForthRCTSegment
n_P, n_Q, P_est, R_est, F1_est, P_occ(c=.75), R_occ(c=.75), F_1occ(c=.75), P_3, R_3, TLF_1, runtime, FRT, FFTP_est, FFP, P_occ(c=.5), R_occ(c=.5), F_1occ(c=.5), P, R, F_1
bach_wtc2f20
3, 12, 0.31868, 0.64951, 0.42758, 0.51599, 0.47815, 0.49635, 0.22777, 0.43890, 0.29991, 0.00000, 0.00000, 0.41667, 0.25901, 0.44661, 0.47548, 0.46059, 0.00000, 0.00000, 0.00000

beet_sonata01-3
7, 13, 0.52881, 0.72869, 0.61287, 0.79144, 0.96987, 0.87162, 0.47838, 0.71597, 0.57354, 0.00000, 0.00000, 0.56363, 0.48709, 0.66075, 0.80853, 0.72720, 0.07692, 0.14286, 0.10000

chop_mazurka24-4
3, 25, 0.18307, 0.46855, 0.26328, 0.00000, 0.00000, 0.00000, 0.19833, 0.55779, 0.29262, 0.00000, 0.00000, 0.40403, 0.43549, 0.58697, 0.54333, 0.56431, 0.00000, 0.00000, 0.00000

gbns_silverswan
4, 4, 0.36524, 0.40388, 0.38359, 0.96139, 0.96139, 0.96139, 0.31307, 0.31638, 0.31472, 0.00000, 0.00000, 0.40388, 0.31307, 0.96139, 0.96139, 0.96139, 0.00000, 0.00000, 0.00000

mzrt_sonata04-2
9, 15, 0.47735, 0.68328, 0.56205, 0.86642, 0.94118, 0.90225, 0.50472, 0.67871, 0.57892, 0.00000, 0.00000, 0.35136, 0.55507, 0.74317, 0.72921, 0.73612, 0.13333, 0.22222, 0.16667

Algorithm 7, ForthCT
n_P, n_Q, P_est, R_est, F1_est, P_occ(c=.75), R_occ(c=.75), F_1occ(c=.75), P_3, R_3, TLF_1, runtime, FRT, FFTP_est, FFP, P_occ(c=.5), R_occ(c=.5), F_1occ(c=.5), P, R, F_1
bach_wtc2f20
3, 12, 0.32693, 0.67460, 0.44042, 0.84722, 0.81282, 0.82966, 0.28078, 0.61474, 0.38549, 0.00000, 0.00000, 0.37500, 0.28927, 0.67791, 0.79634, 0.73237, 0.08333, 0.33333, 0.13333

beet_sonata01-3
7, 13, 0.46005, 0.72042, 0.56152, 0.95303, 0.95303, 0.95303, 0.44291, 0.72021, 0.54850, 0.00000, 0.00000, 0.50437, 0.46634, 0.79428, 0.72009, 0.75537, 0.00000, 0.00000, 0.00000

chop_mazurka24-4
3, 25, 0.12460, 0.45580, 0.19570, 0.82239, 0.54718, 0.65714, 0.13939, 0.48575, 0.21662, 0.00000, 0.00000, 0.38053, 0.37188, 0.82239, 0.54718, 0.65714, 0.00000, 0.00000, 0.00000

gbns_silverswan
4, 4, 0.37647, 0.40598, 0.39067, 0.97391, 0.97391, 0.97391, 0.32740, 0.33515, 0.33123, 0.00000, 0.00000, 0.40598, 0.32740, 0.97391, 0.97391, 0.97391, 0.00000, 0.00000, 0.00000

mzrt_sonata04-2
9, 15, 0.41629, 0.68329, 0.51737, 0.86861, 0.86861, 0.86861, 0.45240, 0.68145, 0.54379, 0.00000, 0.00000, 0.34342, 0.54013, 0.75409, 0.70981, 0.73128, 0.00000, 0.00000, 0.00000

Algorithm 8, ForthRCT
n_P, n_Q, P_est, R_est, F1_est, P_occ(c=.75), R_occ(c=.75), F_1occ(c=.75), P_3, R_3, TLF_1, runtime, FRT, FFTP_est, FFP, P_occ(c=.5), R_occ(c=.5), F_1occ(c=.5), P, R, F_1
bach_wtc2f20
3, 12, 0.32693, 0.67460, 0.44042, 0.84722, 0.81282, 0.82966, 0.28078, 0.61474, 0.38549, 0.00000, 0.00000, 0.37500, 0.28927, 0.67791, 0.79634, 0.73237, 0.08333, 0.33333, 0.13333

beet_sonata01-3
7, 13, 0.46005, 0.72042, 0.56152, 0.95303, 0.95303, 0.95303, 0.44291, 0.72021, 0.54850, 0.00000, 0.00000, 0.50437, 0.46634, 0.79428, 0.72009, 0.75537, 0.00000, 0.00000, 0.00000

chop_mazurka24-4
3, 25, 0.12460, 0.45580, 0.19570, 0.82239, 0.54718, 0.65714, 0.13939, 0.48575, 0.21662, 0.00000, 0.00000, 0.38053, 0.37188, 0.82239, 0.54718, 0.65714, 0.00000, 0.00000, 0.00000

gbns_silverswan
4, 4, 0.37647, 0.40598, 0.39067, 0.97391, 0.97391, 0.97391, 0.32740, 0.33515, 0.33123, 0.00000, 0.00000, 0.40598, 0.32740, 0.97391, 0.97391, 0.97391, 0.00000, 0.00000, 0.00000

mzrt_sonata04-2
9, 15, 0.41629, 0.68329, 0.51737, 0.86861, 0.86861, 0.86861, 0.45240, 0.68145, 0.54379, 0.00000, 0.00000, 0.34342, 0.54013, 0.75409, 0.70981, 0.73128, 0.00000, 0.00000, 0.00000

Algorithm 9, COSIACTTECSegment
n_P, n_Q, P_est, R_est, F1_est, P_occ(c=.75), R_occ(c=.75), F_1occ(c=.75), P_3, R_3, TLF_1, runtime, FRT, FFTP_est, FFP, P_occ(c=.5), R_occ(c=.5), F_1occ(c=.5), P, R, F_1
bach_wtc2f20
3, 22, 0.27787, 0.49702, 0.35646, 0.00000, 0.00000, 0.00000, 0.15146, 0.43227, 0.22432, 0.00000, 0.00000, 0.46813, 0.24299, 0.40089, 0.55326, 0.46491, 0.00000, 0.00000, 0.00000

beet_sonata01-3
7, 22, 0.34084, 0.62743, 0.44172, 0.73580, 0.98415, 0.84205, 0.34227, 0.60956, 0.43838, 0.00000, 0.00000, 0.37361, 0.36299, 0.48309, 0.87864, 0.62341, 0.00000, 0.00000, 0.00000

chop_mazurka24-4
3, 37, 0.17327, 0.76493, 0.28254, 0.73391, 0.87510, 0.79831, 0.17084, 0.70913, 0.27535, 0.00000, 0.00000, 0.24969, 0.20594, 0.65796, 0.87659, 0.75170, 0.00000, 0.00000, 0.00000

gbns_silverswan
4, 16, 0.27671, 0.56266, 0.37098, 0.71802, 0.96109, 0.82196, 0.23252, 0.42649, 0.30096, 0.00000, 0.00000, 0.35268, 0.22641, 0.30749, 0.47925, 0.37462, 0.00000, 0.00000, 0.00000

mzrt_sonata04-2
9, 21, 0.35917, 0.59393, 0.44763, 0.71590, 0.83156, 0.76941, 0.34910, 0.57113, 0.43333, 0.00000, 0.00000, 0.29512, 0.44289, 0.65855, 0.67603, 0.66717, 0.00000, 0.00000, 0.00000

Algorithm 10, COSIARCTTECSegment
n_P, n_Q, P_est, R_est, F1_est, P_occ(c=.75), R_occ(c=.75), F_1occ(c=.75), P_3, R_3, TLF_1, runtime, FRT, FFTP_est, FFP, P_occ(c=.5), R_occ(c=.5), F_1occ(c=.5), P, R, F_1
bach_wtc2f20
3, 23, 0.31134, 0.48955, 0.38062, 0.00000, 0.00000, 0.00000, 0.16591, 0.45070, 0.24254, 0.00000, 0.00000, 0.46813, 0.24299, 0.42510, 0.58148, 0.49114, 0.00000, 0.00000, 0.00000

beet_sonata01-3
7, 22, 0.34084, 0.62743, 0.44172, 0.73580, 0.98415, 0.84205, 0.34227, 0.60956, 0.43838, 0.00000, 0.00000, 0.37361, 0.36299, 0.48309, 0.87864, 0.62341, 0.00000, 0.00000, 0.00000

chop_mazurka24-4
3, 37, 0.17327, 0.76493, 0.28254, 0.73391, 0.87510, 0.79831, 0.17084, 0.70913, 0.27535, 0.00000, 0.00000, 0.24969, 0.20594, 0.65796, 0.87659, 0.75170, 0.00000, 0.00000, 0.00000

gbns_silverswan
4, 16, 0.27671, 0.56266, 0.37098, 0.71802, 0.96109, 0.82196, 0.23252, 0.42649, 0.30096, 0.00000, 0.00000, 0.35268, 0.22641, 0.30749, 0.47925, 0.37462, 0.00000, 0.00000, 0.00000

mzrt_sonata04-2
9, 21, 0.35917, 0.59393, 0.44763, 0.71590, 0.83156, 0.76941, 0.34910, 0.57113, 0.43333, 0.00000, 0.00000, 0.29512, 0.44289, 0.65855, 0.67603, 0.66717, 0.00000, 0.00000, 0.00000

Algorithm 11, Forth
n_P, n_Q, P_est, R_est, F1_est, P_occ(c=.75), R_occ(c=.75), F_1occ(c=.75), P_3, R_3, TLF_1, runtime, FRT, FFTP_est, FFP, P_occ(c=.5), R_occ(c=.5), F_1occ(c=.5), P, R, F_1
bach_wtc2f20
3, 10, 0.22004, 0.35138, 0.27062, 0.00000, 0.00000, 0.00000, 0.12866, 0.21568, 0.16117, 0.00000, 0.00000, 0.35138, 0.19645, 0.00000, 0.00000, 0.00000, 0.00000, 0.00000, 0.00000

beet_sonata01-3
7, 16, 0.27166, 0.49014, 0.34957, 0.86852, 0.79048, 0.82767, 0.23452, 0.48517, 0.31620, 0.00000, 0.00000, 0.36042, 0.26618, 0.87805, 0.78440, 0.82859, 0.00000, 0.00000, 0.00000

chop_mazurka24-4
3, 20, 0.07003, 0.31454, 0.11456, 0.00000, 0.00000, 0.00000, 0.06888, 0.29110, 0.11141, 0.00000, 0.00000, 0.30737, 0.13443, 0.00000, 0.00000, 0.00000, 0.00000, 0.00000, 0.00000

gbns_silverswan
4, 4, 0.35727, 0.37303, 0.36498, 0.84211, 0.84211, 0.84211, 0.31292, 0.31292, 0.31292, 0.00000, 0.00000, 0.37303, 0.31292, 0.84211, 0.84211, 0.84211, 0.00000, 0.00000, 0.00000

mzrt_sonata04-2
9, 20, 0.21139, 0.32345, 0.25568, 0.84956, 0.84956, 0.84956, 0.17251, 0.36670, 0.23463, 0.00000, 0.00000, 0.27847, 0.37096, 0.84956, 0.84956, 0.84956, 0.00000, 0.00000, 0.00000

Algorithm 12, COSIACTTEC
n_P, n_Q, P_est, R_est, F1_est, P_occ(c=.75), R_occ(c=.75), F_1occ(c=.75), P_3, R_3, TLF_1, runtime, FRT, FFTP_est, FFP, P_occ(c=.5), R_occ(c=.5), F_1occ(c=.5), P, R, F_1
bach_wtc2f20
3, 22, 0.24650, 0.77778, 0.37435, 0.52698, 0.49282, 0.50933, 0.15653, 0.59839, 0.24815, 0.00000, 0.00000, 0.50000, 0.29085, 0.48899, 0.46336, 0.47583, 0.00000, 0.00000, 0.00000

beet_sonata01-3
7, 22, 0.10660, 0.19972, 0.13901, 0.00000, 0.00000, 0.00000, 0.11734, 0.20599, 0.14951, 0.00000, 0.00000, 0.19647, 0.25701, 0.00000, 0.00000, 0.00000, 0.00000, 0.00000, 0.00000

chop_mazurka24-4
3, 37, 0.03372, 0.14130, 0.05445, 0.00000, 0.00000, 0.00000, 0.03670, 0.20982, 0.06247, 0.00000, 0.00000, 0.12697, 0.09236, 0.00000, 0.00000, 0.00000, 0.00000, 0.00000, 0.00000

gbns_silverswan
4, 16, 0.22552, 0.51339, 0.31338, 0.45714, 0.36667, 0.40694, 0.11089, 0.27350, 0.15780, 0.00000, 0.00000, 0.51339, 0.18890, 0.45714, 0.36667, 0.40694, 0.00000, 0.00000, 0.00000

mzrt_sonata04-2
9, 21, 0.19698, 0.36582, 0.25607, 0.78782, 0.78782, 0.78782, 0.20406, 0.39869, 0.26995, 0.00000, 0.00000, 0.25543, 0.39479, 0.66314, 0.54775, 0.59995, 0.00000, 0.00000, 0.00000

Algorithm 13, COSIARCTTEC
n_P, n_Q, P_est, R_est, F1_est, P_occ(c=.75), R_occ(c=.75), F_1occ(c=.75), P_3, R_3, TLF_1, runtime, FRT, FFTP_est, FFP, P_occ(c=.5), R_occ(c=.5), F_1occ(c=.5), P, R, F_1
bach_wtc2f20
3, 23, 0.20927, 0.76667, 0.32879, 0.64388, 0.69082, 0.66652, 0.14535, 0.67572, 0.23924, 0.00000, 0.00000, 0.50000, 0.29085, 0.55425, 0.58554, 0.56947, 0.00000, 0.00000, 0.00000

beet_sonata01-3
7, 22, 0.10660, 0.19972, 0.13901, 0.00000, 0.00000, 0.00000, 0.11734, 0.20599, 0.14951, 0.00000, 0.00000, 0.19647, 0.25701, 0.00000, 0.00000, 0.00000, 0.00000, 0.00000, 0.00000

chop_mazurka24-4
3, 37, 0.03372, 0.14130, 0.05445, 0.00000, 0.00000, 0.00000, 0.03670, 0.20982, 0.06247, 0.00000, 0.00000, 0.12697, 0.09236, 0.00000, 0.00000, 0.00000, 0.00000, 0.00000, 0.00000

gbns_silverswan
4, 16, 0.22552, 0.51339, 0.31338, 0.45714, 0.36667, 0.40694, 0.11089, 0.27350, 0.15780, 0.00000, 0.00000, 0.51339, 0.18890, 0.45714, 0.36667, 0.40694, 0.00000, 0.00000, 0.00000

mzrt_sonata04-2
9, 21, 0.19698, 0.36582, 0.25607, 0.78782, 0.78782, 0.78782, 0.20406, 0.39869, 0.26995, 0.00000, 0.00000, 0.25543, 0.39479, 0.66314, 0.54775, 0.59995, 0.00000, 0.00000, 0.00000

Algorithm 14, SIATECCompress
n_P, n_Q, P_est, R_est, F1_est, P_occ(c=.75), R_occ(c=.75), F_1occ(c=.75), P_3, R_3, TLF_1, runtime, FRT, FFTP_est, FFP, P_occ(c=.5), R_occ(c=.5), F_1occ(c=.5), P, R, F_1
bach_wtc2f20
3, 29, 0.21999, 0.57407, 0.31808, 0.88889, 0.44444, 0.59259, 0.13864, 0.41719, 0.20811, 0.00000, 0.00000, 0.26389, 0.24047, 0.51967, 0.48214, 0.50020, 0.00000, 0.00000, 0.00000

beet_sonata01-3
7, 34, 0.15169, 0.24050, 0.18604, 0.00000, 0.00000, 0.00000, 0.13894, 0.24185, 0.17649, 0.00000, 0.00000, 0.20487, 0.22887, 0.25000, 0.31250, 0.27778, 0.00000, 0.00000, 0.00000

chop_mazurka24-4
3, 48, 0.05837, 0.19238, 0.08957, 0.00000, 0.00000, 0.00000, 0.06431, 0.22058, 0.09959, 0.00000, 0.00000, 0.12786, 0.27154, 0.00000, 0.00000, 0.00000, 0.00000, 0.00000, 0.00000

gbns_silverswan
4, 16, 0.27243, 0.44732, 0.33863, 0.00000, 0.00000, 0.00000, 0.13805, 0.26912, 0.18248, 0.00000, 0.00000, 0.24732, 0.14836, 0.20143, 0.23500, 0.21692, 0.00000, 0.00000, 0.00000

mzrt_sonata04-2
9, 33, 0.18487, 0.34228, 0.24007, 0.00000, 0.00000, 0.00000, 0.18290, 0.34712, 0.23957, 0.00000, 0.00000, 0.20860, 0.39548, 0.54381, 0.39114, 0.45501, 0.00000, 0.00000, 0.00000

Algorithm 15, COSIATEC
n_P, n_Q, P_est, R_est, F1_est, P_occ(c=.75), R_occ(c=.75), F_1occ(c=.75), P_3, R_3, TLF_1, runtime, FRT, FFTP_est, FFP, P_occ(c=.5), R_occ(c=.5), F_1occ(c=.5), P, R, F_1
bach_wtc2f20
3, 30, 0.17912, 0.73392, 0.28796, 0.60688, 0.63380, 0.62005, 0.11039, 0.57658, 0.18530, 0.00000, 0.00000, 0.45614, 0.33103, 0.60688, 0.63380, 0.62005, 0.00000, 0.00000, 0.00000

beet_sonata01-3
7, 23, 0.09499, 0.18422, 0.12535, 0.00000, 0.00000, 0.00000, 0.09875, 0.19783, 0.13174, 0.00000, 0.00000, 0.18422, 0.13444, 0.00000, 0.00000, 0.00000, 0.00000, 0.00000, 0.00000

chop_mazurka24-4
3, 45, 0.02654, 0.17437, 0.04607, 0.00000, 0.00000, 0.00000, 0.03112, 0.26355, 0.05566, 0.00000, 0.00000, 0.12061, 0.10727, 0.00000, 0.00000, 0.00000, 0.00000, 0.00000, 0.00000

gbns_silverswan
4, 16, 0.21060, 0.34732, 0.26221, 0.00000, 0.00000, 0.00000, 0.10601, 0.20086, 0.13877, 0.00000, 0.00000, 0.34732, 0.14600, 0.06522, 0.25000, 0.10345, 0.00000, 0.00000, 0.00000

mzrt_sonata04-2
9, 23, 0.13670, 0.34334, 0.19555, 0.76923, 0.76923, 0.76923, 0.14706, 0.37251, 0.21087, 0.00000, 0.00000, 0.21819, 0.31949, 0.76923, 0.50962, 0.61307, 0.00000, 0.00000, 0.00000

Algorithm 16, COSIATEC-MIN-3
n_P, n_Q, P_est, R_est, F1_est, P_occ(c=.75), R_occ(c=.75), F_1occ(c=.75), P_3, R_3, TLF_1, runtime, FRT, FFTP_est, FFP, P_occ(c=.5), R_occ(c=.5), F_1occ(c=.5), P, R, F_1
bach_wtc2f20
3, 27, 0.18038, 0.73392, 0.28959, 0.60688, 0.63380, 0.62005, 0.11434, 0.57658, 0.19084, 0.00000, 0.00000, 0.45614, 0.33103, 0.60688, 0.63380, 0.62005, 0.00000, 0.00000, 0.00000

beet_sonata01-3
7, 23, 0.10787, 0.21009, 0.14255, 0.00000, 0.00000, 0.00000, 0.12036, 0.24533, 0.16149, 0.00000, 0.00000, 0.18422, 0.13444, 0.00000, 0.00000, 0.00000, 0.00000, 0.00000, 0.00000

chop_mazurka24-4
3, 38, 0.03372, 0.17437, 0.05651, 0.00000, 0.00000, 0.00000, 0.03946, 0.26355, 0.06864, 0.00000, 0.00000, 0.12061, 0.10727, 0.00000, 0.00000, 0.00000, 0.00000, 0.00000, 0.00000

gbns_silverswan
4, 14, 0.21322, 0.35179, 0.26551, 0.00000, 0.00000, 0.00000, 0.12396, 0.21385, 0.15694, 0.00000, 0.00000, 0.34732, 0.14600, 0.06522, 0.25000, 0.10345, 0.00000, 0.00000, 0.00000

mzrt_sonata04-2
9, 23, 0.14095, 0.34334, 0.19985, 0.76923, 0.76923, 0.76923, 0.15410, 0.37313, 0.21812, 0.00000, 0.00000, 0.21819, 0.31949, 0.76923, 0.50962, 0.61307, 0.00000, 0.00000, 0.00000

