Algorithm 1, COSIATEC-MIN-3
n_P, n_Q, P_est, R_est, F1_est, P_occ(c=.75), R_occ(c=.75), F_1occ(c=.75), P_3, R_3, TLF_1, runtime, FRT, FFTP_est, FFP, P_occ(c=.5), R_occ(c=.5), F_1occ(c=.5), P, R, F_1
bach_wtc2f20
3, 27, 0.18042, 0.73392, 0.28964, 0.60688, 0.63380, 0.62005, 0.11436, 0.57658, 0.19086, 0.00000, 0.00000, 0.45614, 0.33103, 0.60688, 0.63380, 0.62005, 0.00000, 0.00000, 0.00000

beet_sonata01-3
7, 23, 0.10787, 0.21009, 0.14255, 0.00000, 0.00000, 0.00000, 0.12038, 0.24533, 0.16151, 0.00000, 0.00000, 0.18422, 0.13444, 0.00000, 0.00000, 0.00000, 0.00000, 0.00000, 0.00000

chop_mazurka24-4
3, 38, 0.03372, 0.17437, 0.05651, 0.00000, 0.00000, 0.00000, 0.03946, 0.26355, 0.06865, 0.00000, 0.00000, 0.12061, 0.10727, 0.00000, 0.00000, 0.00000, 0.00000, 0.00000, 0.00000

gbns_silverswan
4, 14, 0.21348, 0.35179, 0.26571, 0.00000, 0.00000, 0.00000, 0.12417, 0.21385, 0.15711, 0.00000, 0.00000, 0.34732, 0.14600, 0.06522, 0.25000, 0.10345, 0.00000, 0.00000, 0.00000

mzrt_sonata04-2
9, 23, 0.14095, 0.34334, 0.19985, 0.76923, 0.76923, 0.76923, 0.15423, 0.37313, 0.21825, 0.00000, 0.00000, 0.21819, 0.31949, 0.76923, 0.50962, 0.61307, 0.00000, 0.00000, 0.00000

Algorithm 2, COSIATEC-MIN-4
n_P, n_Q, P_est, R_est, F1_est, P_occ(c=.75), R_occ(c=.75), F_1occ(c=.75), P_3, R_3, TLF_1, runtime, FRT, FFTP_est, FFP, P_occ(c=.5), R_occ(c=.5), F_1occ(c=.5), P, R, F_1
bach_wtc2f20
3, 23, 0.20629, 0.73392, 0.32206, 0.58236, 0.54820, 0.56476, 0.13761, 0.61041, 0.22458, 0.00000, 0.00000, 0.45614, 0.33103, 0.58236, 0.54820, 0.56476, 0.00000, 0.00000, 0.00000

beet_sonata01-3
7, 22, 0.11713, 0.21411, 0.15142, 0.00000, 0.00000, 0.00000, 0.13533, 0.25818, 0.17758, 0.00000, 0.00000, 0.18422, 0.13444, 0.00000, 0.00000, 0.00000, 0.00000, 0.00000, 0.00000

chop_mazurka24-4
3, 35, 0.03737, 0.17437, 0.06155, 0.00000, 0.00000, 0.00000, 0.04299, 0.26355, 0.07392, 0.00000, 0.00000, 0.12061, 0.10727, 0.00000, 0.00000, 0.00000, 0.00000, 0.00000, 0.00000

gbns_silverswan
4, 12, 0.22168, 0.35179, 0.27197, 0.00000, 0.00000, 0.00000, 0.13267, 0.21689, 0.16463, 0.00000, 0.00000, 0.34732, 0.14229, 0.06522, 0.25000, 0.10345, 0.00000, 0.00000, 0.00000

mzrt_sonata04-2
9, 23, 0.14501, 0.34334, 0.20390, 0.76923, 0.76923, 0.76923, 0.16532, 0.37707, 0.22987, 0.00000, 0.00000, 0.21819, 0.31949, 0.76923, 0.50962, 0.61307, 0.00000, 0.00000, 0.00000

Algorithm 3, COSIATEC
n_P, n_Q, P_est, R_est, F1_est, P_occ(c=.75), R_occ(c=.75), F_1occ(c=.75), P_3, R_3, TLF_1, runtime, FRT, FFTP_est, FFP, P_occ(c=.5), R_occ(c=.5), F_1occ(c=.5), P, R, F_1
bach_wtc2f20
3, 30, 0.17918, 0.73392, 0.28803, 0.60688, 0.63380, 0.62005, 0.11042, 0.57658, 0.18534, 0.00000, 0.00000, 0.45614, 0.33103, 0.60688, 0.63380, 0.62005, 0.00000, 0.00000, 0.00000

beet_sonata01-3
7, 23, 0.09499, 0.18422, 0.12535, 0.00000, 0.00000, 0.00000, 0.09877, 0.19783, 0.13176, 0.00000, 0.00000, 0.18422, 0.13444, 0.00000, 0.00000, 0.00000, 0.00000, 0.00000, 0.00000

chop_mazurka24-4
3, 45, 0.02654, 0.17437, 0.04607, 0.00000, 0.00000, 0.00000, 0.03112, 0.26355, 0.05567, 0.00000, 0.00000, 0.12061, 0.10727, 0.00000, 0.00000, 0.00000, 0.00000, 0.00000, 0.00000

gbns_silverswan
4, 16, 0.21112, 0.34732, 0.26261, 0.00000, 0.00000, 0.00000, 0.10636, 0.20086, 0.13907, 0.00000, 0.00000, 0.34732, 0.14600, 0.06522, 0.25000, 0.10345, 0.00000, 0.00000, 0.00000

mzrt_sonata04-2
9, 23, 0.13670, 0.34334, 0.19555, 0.76923, 0.76923, 0.76923, 0.14719, 0.37251, 0.21100, 0.00000, 0.00000, 0.21819, 0.31949, 0.76923, 0.50962, 0.61307, 0.00000, 0.00000, 0.00000

