pattern1
occurrence1
2.00000, 53.00000
2.00000, 57.00000
3.00000, 55.00000
3.00000, 59.00000
occurrence2
7.00000, 45.00000
7.00000, 48.00000
8.00000, 46.00000
8.00000, 50.00000
occurrence3
19.00000, 50.00000
19.00000, 53.00000
20.00000, 52.00000
20.00000, 55.00000
occurrence4
27.00000, 48.00000
27.00000, 52.00000
28.00000, 50.00000
28.00000, 53.00000
occurrence5
31.00000, 57.00000
31.00000, 60.00000
32.00000, 58.00000
32.00000, 62.00000
occurrence6
35.00000, 65.00000
35.00000, 69.00000
35.50000, 65.00000
36.00000, 67.00000
36.00000, 71.00000
occurrence7
41.00000, 57.00000
41.00000, 60.00000
42.00000, 58.00000
42.00000, 62.00000
occurrence8
45.00000, 62.00000
45.00000, 65.00000
45.50000, 65.00000
46.00000, 63.00000
46.00000, 67.00000
occurrence9
47.00000, 58.00000
47.00000, 62.00000
48.00000, 60.00000
48.00000, 64.00000
occurrence10
48.00000, 64.00000
48.00000, 67.00000
49.00000, 65.00000
49.00000, 69.00000
occurrence11
55.00000, 48.00000
55.00000, 52.00000
56.00000, 50.00000
56.00000, 53.00000
occurrence12
59.00000, 57.00000
59.00000, 60.00000
60.00000, 58.00000
60.00000, 62.00000
occurrence13
63.00000, 65.00000
63.00000, 69.00000
63.50000, 65.00000
64.00000, 67.00000
64.00000, 71.00000
occurrence14
69.00000, 57.00000
69.00000, 60.00000
70.00000, 58.00000
70.00000, 62.00000
occurrence15
73.00000, 62.00000
73.00000, 65.00000
73.50000, 65.00000
74.00000, 63.00000
74.00000, 67.00000
occurrence16
75.00000, 58.00000
75.00000, 62.00000
76.00000, 60.00000
76.00000, 64.00000
occurrence17
76.00000, 64.00000
76.00000, 67.00000
77.00000, 65.00000
77.00000, 69.00000
pattern2
occurrence1
2.00000, 57.00000
2.00000, 60.00000
2.00000, 65.00000
2.00000, 72.00000
3.00000, 59.00000
3.00000, 65.00000
3.00000, 74.00000
4.00000, 60.00000
4.00000, 64.00000
occurrence2
6.00000, 52.00000
6.00000, 67.00000
7.00000, 60.00000
7.00000, 69.00000
8.00000, 58.00000
8.00000, 65.00000
occurrence3
20.00000, 48.00000
20.00000, 52.00000
20.00000, 55.00000
20.00000, 64.00000
20.50000, 48.00000
21.00000, 57.00000
21.00000, 60.00000
21.00000, 65.00000
22.00000, 55.00000
22.00000, 62.00000
occurrence4
36.00000, 55.00000
36.00000, 63.00000
36.00000, 67.00000
36.00000, 71.00000
37.00000, 60.00000
37.00000, 63.00000
37.00000, 72.00000
38.00000, 62.00000
occurrence5
48.00000, 48.00000
48.00000, 60.00000
48.00000, 64.00000
49.00000, 57.00000
49.00000, 65.00000
50.00000, 55.00000
50.00000, 60.00000
occurrence6
64.00000, 55.00000
64.00000, 63.00000
64.00000, 67.00000
64.00000, 71.00000
65.00000, 60.00000
65.00000, 63.00000
65.00000, 72.00000
66.00000, 62.00000
occurrence7
76.00000, 48.00000
76.00000, 60.00000
76.00000, 64.00000
77.00000, 57.00000
77.00000, 65.00000
78.00000, 55.00000
78.00000, 60.00000
pattern3
occurrence1
7.00000, 45.00000
7.00000, 48.00000
8.00000, 46.00000
8.00000, 50.00000
9.50000, 48.00000
9.50000, 52.00000
10.00000, 50.00000
10.00000, 53.00000
10.50000, 55.00000
11.00000, 53.00000
11.00000, 57.00000
12.00000, 48.00000
13.00000, 48.00000
13.50000, 50.00000
14.00000, 52.00000
14.50000, 50.00000
14.50000, 53.00000
15.00000, 52.00000
15.00000, 55.00000
15.50000, 53.00000
16.00000, 43.00000
16.00000, 55.00000
17.00000, 46.00000
18.00000, 50.00000
18.50000, 48.00000
19.00000, 50.00000
19.00000, 53.00000
20.00000, 48.00000
20.00000, 52.00000
20.00000, 55.00000
20.50000, 48.00000
21.00000, 45.00000
21.00000, 57.00000
22.00000, 46.00000
22.00000, 55.00000
occurrence2
23.00000, 60.00000
23.00000, 64.00000
23.50000, 65.00000
24.00000, 60.00000
24.00000, 65.00000
25.00000, 69.00000
26.50000, 69.00000
27.00000, 60.00000
27.00000, 67.00000
28.00000, 65.00000
28.50000, 60.00000
29.00000, 58.00000
29.00000, 62.00000
29.50000, 64.00000
30.00000, 65.00000
30.50000, 58.00000
30.50000, 67.00000
31.00000, 60.00000
31.00000, 69.00000
32.00000, 58.00000
32.00000, 62.00000
33.00000, 58.00000
33.50000, 60.00000
33.50000, 64.00000
34.00000, 62.00000
34.00000, 65.00000
34.50000, 64.00000
34.50000, 67.00000
35.00000, 65.00000
35.00000, 69.00000
35.00000, 72.00000
35.50000, 60.00000
35.50000, 65.00000
36.00000, 63.00000
36.00000, 67.00000
36.00000, 71.00000
37.00000, 60.00000
37.00000, 63.00000
37.00000, 72.00000
38.00000, 62.00000
occurrence3
31.00000, 69.00000
31.00000, 76.00000
32.00000, 74.00000
33.50000, 64.00000
34.00000, 65.00000
34.50000, 64.00000
34.50000, 67.00000
35.00000, 65.00000
35.00000, 69.00000
35.00000, 72.00000
35.50000, 65.00000
36.00000, 63.00000
36.00000, 67.00000
36.00000, 71.00000
37.00000, 63.00000
37.00000, 72.00000
38.00000, 74.00000
39.00000, 67.00000
39.50000, 72.00000
40.00000, 64.00000
40.00000, 67.00000
40.00000, 72.00000
41.00000, 65.00000
42.00000, 67.00000
43.50000, 67.00000
44.00000, 69.00000
44.00000, 72.00000
45.00000, 65.00000
45.00000, 77.00000
45.50000, 65.00000
46.00000, 63.00000
46.00000, 67.00000
46.00000, 70.00000
occurrence4
51.00000, 64.00000
51.50000, 70.00000
52.00000, 60.00000
52.00000, 65.00000
52.00000, 69.00000
53.00000, 69.00000
54.50000, 69.00000
55.00000, 60.00000
55.00000, 67.00000
56.00000, 65.00000
56.50000, 60.00000
57.00000, 58.00000
57.00000, 62.00000
57.50000, 64.00000
58.00000, 65.00000
58.50000, 58.00000
58.50000, 67.00000
59.00000, 60.00000
59.00000, 69.00000
60.00000, 58.00000
60.00000, 62.00000
61.00000, 58.00000
61.50000, 60.00000
61.50000, 64.00000
62.00000, 62.00000
62.00000, 65.00000
62.50000, 64.00000
62.50000, 67.00000
63.00000, 65.00000
63.00000, 69.00000
63.00000, 72.00000
63.50000, 60.00000
63.50000, 65.00000
64.00000, 63.00000
64.00000, 67.00000
64.00000, 71.00000
65.00000, 60.00000
65.00000, 63.00000
65.00000, 72.00000
66.00000, 62.00000
occurrence5
59.00000, 69.00000
59.00000, 76.00000
60.00000, 74.00000
61.50000, 64.00000
62.00000, 65.00000
62.50000, 64.00000
62.50000, 67.00000
63.00000, 65.00000
63.00000, 69.00000
63.00000, 72.00000
63.50000, 65.00000
64.00000, 63.00000
64.00000, 67.00000
64.00000, 71.00000
65.00000, 63.00000
65.00000, 72.00000
66.00000, 74.00000
67.00000, 67.00000
67.50000, 72.00000
68.00000, 64.00000
68.00000, 67.00000
68.00000, 72.00000
69.00000, 65.00000
70.00000, 67.00000
71.50000, 67.00000
72.00000, 69.00000
72.00000, 72.00000
73.00000, 65.00000
73.00000, 77.00000
73.50000, 65.00000
74.00000, 63.00000
74.00000, 67.00000
74.00000, 70.00000
pattern4
occurrence1
1.00000, 57.00000
1.00000, 60.00000
2.00000, 57.00000
2.00000, 60.00000
3.00000, 55.00000
3.00000, 59.00000
4.00000, 55.00000
4.00000, 60.00000
occurrence2
21.00000, 57.00000
21.00000, 60.00000
22.00000, 55.00000
23.00000, 55.00000
23.00000, 60.00000
24.00000, 57.00000
24.00000, 60.00000
occurrence3
29.00000, 58.00000
29.00000, 62.00000
30.00000, 57.00000
30.50000, 58.00000
31.00000, 57.00000
31.00000, 60.00000
32.00000, 58.00000
32.00000, 62.00000
occurrence4
36.00000, 63.00000
36.00000, 67.00000
37.00000, 63.00000
38.00000, 62.00000
39.00000, 67.00000
occurrence5
37.00000, 60.00000
37.00000, 63.00000
38.00000, 62.00000
39.00000, 59.00000
40.00000, 60.00000
40.00000, 64.00000
occurrence6
41.00000, 53.00000
41.00000, 57.00000
43.00000, 52.00000
44.00000, 53.00000
44.00000, 57.00000
occurrence7
42.00000, 58.00000
42.00000, 62.00000
43.00000, 60.00000
44.00000, 57.00000
45.00000, 62.00000
occurrence8
49.00000, 65.00000
49.00000, 69.00000
51.00000, 64.00000
52.00000, 65.00000
52.00000, 69.00000
occurrence9
57.00000, 58.00000
57.00000, 62.00000
58.00000, 57.00000
58.50000, 58.00000
59.00000, 57.00000
59.00000, 60.00000
60.00000, 58.00000
60.00000, 62.00000
occurrence10
64.00000, 63.00000
64.00000, 67.00000
65.00000, 63.00000
66.00000, 62.00000
67.00000, 67.00000
occurrence11
65.00000, 60.00000
65.00000, 63.00000
66.00000, 62.00000
67.00000, 59.00000
68.00000, 60.00000
68.00000, 64.00000
occurrence12
69.00000, 53.00000
69.00000, 57.00000
71.00000, 52.00000
72.00000, 53.00000
72.00000, 57.00000
occurrence13
70.00000, 58.00000
70.00000, 62.00000
71.00000, 60.00000
72.00000, 57.00000
73.00000, 62.00000
occurrence14
77.00000, 65.00000
77.00000, 69.00000
79.00000, 64.00000
80.00000, 65.00000
80.00000, 69.00000
pattern5
occurrence1
1.00000, 53.00000
1.00000, 57.00000
1.00000, 60.00000
2.00000, 53.00000
2.00000, 57.00000
2.00000, 60.00000
2.00000, 65.00000
3.00000, 50.00000
3.00000, 55.00000
3.00000, 59.00000
3.00000, 65.00000
occurrence2
30.00000, 65.00000
30.50000, 58.00000
30.50000, 67.00000
31.00000, 60.00000
31.00000, 69.00000
32.00000, 58.00000
32.00000, 62.00000
32.00000, 74.00000
occurrence3
34.00000, 62.00000
34.00000, 65.00000
34.50000, 64.00000
34.50000, 67.00000
35.00000, 57.00000
35.00000, 65.00000
35.00000, 69.00000
35.50000, 60.00000
35.50000, 65.00000
36.00000, 55.00000
36.00000, 63.00000
36.00000, 67.00000
36.00000, 71.00000
occurrence4
46.00000, 51.00000
46.00000, 55.00000
46.00000, 63.00000
46.50000, 55.00000
47.00000, 58.00000
47.00000, 62.00000
48.00000, 48.00000
48.00000, 60.00000
48.00000, 64.00000
occurrence5
50.00000, 55.00000
50.00000, 60.00000
51.00000, 64.00000
52.00000, 53.00000
52.00000, 60.00000
52.00000, 65.00000
52.00000, 69.00000
occurrence6
58.00000, 65.00000
58.50000, 58.00000
58.50000, 67.00000
59.00000, 60.00000
59.00000, 69.00000
60.00000, 58.00000
60.00000, 62.00000
60.00000, 74.00000
occurrence7
62.00000, 62.00000
62.00000, 65.00000
62.50000, 64.00000
62.50000, 67.00000
63.00000, 57.00000
63.00000, 65.00000
63.00000, 69.00000
63.50000, 60.00000
63.50000, 65.00000
64.00000, 55.00000
64.00000, 63.00000
64.00000, 67.00000
64.00000, 71.00000
occurrence8
74.00000, 51.00000
74.00000, 55.00000
74.00000, 63.00000
74.50000, 55.00000
75.00000, 58.00000
75.00000, 62.00000
76.00000, 48.00000
76.00000, 60.00000
76.00000, 64.00000
occurrence9
78.00000, 55.00000
78.00000, 60.00000
79.00000, 64.00000
80.00000, 53.00000
80.00000, 60.00000
80.00000, 65.00000
80.00000, 69.00000
pattern6
occurrence1
13.50000, 65.00000
14.00000, 67.00000
15.00000, 64.00000
15.00000, 67.00000
16.00000, 62.00000
17.00000, 62.00000
17.50000, 60.00000
18.50000, 64.00000
19.00000, 65.00000
20.00000, 64.00000
21.00000, 60.00000
21.00000, 65.00000
22.00000, 62.00000
22.00000, 67.00000
23.00000, 60.00000
23.00000, 64.00000
23.50000, 65.00000
24.00000, 60.00000
24.00000, 65.00000
27.00000, 60.00000
27.00000, 67.00000
28.00000, 65.00000
28.50000, 60.00000
29.00000, 62.00000
29.50000, 64.00000
30.00000, 65.00000
30.50000, 67.00000
31.00000, 60.00000
32.00000, 62.00000
33.50000, 60.00000
33.50000, 64.00000
34.00000, 62.00000
34.00000, 65.00000
34.50000, 64.00000
34.50000, 67.00000
occurrence2
14.00000, 67.00000
15.00000, 64.00000
15.00000, 67.00000
16.00000, 62.00000
17.00000, 62.00000
18.50000, 64.00000
19.00000, 65.00000
19.00000, 69.00000
20.00000, 64.00000
21.00000, 65.00000
22.00000, 62.00000
22.00000, 67.00000
23.00000, 64.00000
23.50000, 65.00000
24.00000, 65.00000
25.00000, 69.00000
26.50000, 69.00000
27.00000, 67.00000
28.00000, 65.00000
29.00000, 62.00000
29.50000, 64.00000
30.00000, 65.00000
30.50000, 67.00000
31.00000, 69.00000
32.00000, 62.00000
33.50000, 64.00000
34.00000, 62.00000
34.00000, 65.00000
34.50000, 64.00000
34.50000, 67.00000
35.00000, 65.00000
35.00000, 69.00000
occurrence3
16.00000, 62.00000
17.00000, 62.00000
17.50000, 60.00000
18.00000, 58.00000
18.50000, 64.00000
20.00000, 64.00000
21.00000, 57.00000
21.00000, 60.00000
22.00000, 62.00000
23.00000, 60.00000
23.00000, 64.00000
24.00000, 57.00000
24.00000, 60.00000
27.00000, 60.00000
28.50000, 60.00000
29.00000, 58.00000
29.00000, 62.00000
29.50000, 64.00000
30.00000, 57.00000
30.50000, 58.00000
31.00000, 57.00000
31.00000, 60.00000
32.00000, 58.00000
32.00000, 62.00000
33.00000, 58.00000
33.50000, 60.00000
33.50000, 64.00000
34.00000, 62.00000
34.50000, 64.00000
35.00000, 57.00000
35.50000, 60.00000
36.00000, 63.00000
37.00000, 60.00000
37.00000, 63.00000
occurrence4
21.00000, 57.00000
21.00000, 60.00000
22.00000, 55.00000
22.00000, 62.00000
23.00000, 55.00000
23.00000, 60.00000
24.00000, 57.00000
24.00000, 60.00000
27.00000, 60.00000
28.50000, 60.00000
29.00000, 58.00000
29.00000, 62.00000
29.50000, 55.00000
30.00000, 57.00000
30.50000, 58.00000
31.00000, 57.00000
31.00000, 60.00000
32.00000, 58.00000
32.00000, 62.00000
33.00000, 58.00000
33.50000, 60.00000
34.00000, 62.00000
35.00000, 57.00000
35.50000, 60.00000
36.00000, 55.00000
37.00000, 60.00000
38.00000, 62.00000
39.00000, 59.00000
40.00000, 60.00000
41.00000, 57.00000
41.00000, 60.00000
42.00000, 58.00000
42.00000, 62.00000
occurrence5
25.00000, 53.00000
26.50000, 53.00000
27.00000, 48.00000
27.00000, 52.00000
28.00000, 50.00000
28.00000, 53.00000
29.50000, 55.00000
31.00000, 48.00000
36.00000, 55.00000
40.00000, 48.00000
41.00000, 53.00000
43.00000, 52.00000
44.00000, 53.00000
45.00000, 50.00000
46.00000, 51.00000
46.00000, 55.00000
occurrence6
25.00000, 69.00000
26.50000, 69.00000
27.00000, 67.00000
28.00000, 65.00000
29.50000, 64.00000
30.00000, 65.00000
30.50000, 67.00000
31.00000, 69.00000
33.50000, 64.00000
34.00000, 65.00000
34.50000, 64.00000
34.50000, 67.00000
35.00000, 65.00000
35.00000, 69.00000
35.50000, 65.00000
36.00000, 63.00000
36.00000, 67.00000
36.00000, 71.00000
37.00000, 63.00000
39.00000, 67.00000
40.00000, 64.00000
40.00000, 67.00000
41.00000, 65.00000
42.00000, 67.00000
43.50000, 67.00000
44.00000, 69.00000
45.00000, 65.00000
45.50000, 65.00000
46.00000, 63.00000
46.00000, 67.00000
46.00000, 70.00000
occurrence7
42.00000, 62.00000
42.00000, 67.00000
43.50000, 67.00000
44.00000, 69.00000
45.00000, 62.00000
45.00000, 65.00000
45.50000, 65.00000
46.00000, 63.00000
46.00000, 67.00000
47.00000, 62.00000
47.50000, 65.00000
48.00000, 64.00000
48.00000, 67.00000
49.00000, 65.00000
49.00000, 69.00000
51.00000, 64.00000
52.00000, 65.00000
52.00000, 69.00000
53.00000, 69.00000
54.50000, 69.00000
55.00000, 67.00000
56.00000, 65.00000
57.00000, 62.00000
57.50000, 64.00000
58.00000, 65.00000
58.50000, 67.00000
59.00000, 69.00000
60.00000, 62.00000
61.50000, 64.00000
62.00000, 62.00000
62.00000, 65.00000
62.50000, 64.00000
62.50000, 67.00000
63.00000, 65.00000
63.00000, 69.00000
occurrence8
53.00000, 53.00000
54.50000, 53.00000
55.00000, 48.00000
55.00000, 52.00000
56.00000, 50.00000
56.00000, 53.00000
57.50000, 55.00000
59.00000, 48.00000
64.00000, 55.00000
68.00000, 48.00000
69.00000, 53.00000
71.00000, 52.00000
72.00000, 53.00000
73.00000, 50.00000
74.00000, 51.00000
74.00000, 55.00000
occurrence9
53.00000, 69.00000
54.50000, 69.00000
55.00000, 67.00000
56.00000, 65.00000
57.50000, 64.00000
58.00000, 65.00000
58.50000, 67.00000
59.00000, 69.00000
61.50000, 64.00000
62.00000, 65.00000
62.50000, 64.00000
62.50000, 67.00000
63.00000, 65.00000
63.00000, 69.00000
63.50000, 65.00000
64.00000, 63.00000
64.00000, 67.00000
64.00000, 71.00000
65.00000, 63.00000
67.00000, 67.00000
68.00000, 64.00000
68.00000, 67.00000
69.00000, 65.00000
70.00000, 67.00000
71.50000, 67.00000
72.00000, 69.00000
73.00000, 65.00000
73.50000, 65.00000
74.00000, 63.00000
74.00000, 67.00000
74.00000, 70.00000
pattern7
occurrence1
3.50000, 53.00000
4.00000, 55.00000
5.50000, 53.00000
8.00000, 58.00000
9.00000, 58.00000
10.00000, 53.00000
10.50000, 55.00000
11.00000, 53.00000
11.00000, 57.00000
11.50000, 58.00000
occurrence2
4.00000, 55.00000
4.00000, 60.00000
7.00000, 60.00000
8.00000, 58.00000
9.00000, 58.00000
10.50000, 55.00000
11.00000, 57.00000
11.00000, 60.00000
11.50000, 58.00000
12.00000, 60.00000
occurrence3
8.00000, 50.00000
9.50000, 52.00000
10.00000, 50.00000
10.00000, 53.00000
10.50000, 55.00000
11.00000, 53.00000
13.50000, 50.00000
14.00000, 52.00000
14.50000, 50.00000
14.50000, 53.00000
15.00000, 52.00000
15.00000, 55.00000
15.50000, 53.00000
16.00000, 55.00000
occurrence4
23.00000, 55.00000
23.00000, 60.00000
24.00000, 57.00000
24.00000, 60.00000
27.00000, 60.00000
28.50000, 60.00000
29.00000, 58.00000
29.50000, 55.00000
30.00000, 57.00000
30.50000, 58.00000
31.00000, 57.00000
31.00000, 60.00000
occurrence5
23.00000, 64.00000
23.50000, 65.00000
24.00000, 65.00000
25.00000, 69.00000
26.50000, 69.00000
27.00000, 67.00000
28.00000, 65.00000
29.50000, 64.00000
30.00000, 65.00000
30.50000, 67.00000
31.00000, 69.00000
occurrence6
27.00000, 60.00000
28.00000, 65.00000
28.50000, 60.00000
29.00000, 62.00000
29.50000, 64.00000
30.00000, 65.00000
31.00000, 60.00000
32.00000, 62.00000
33.50000, 60.00000
33.50000, 64.00000
34.00000, 62.00000
34.00000, 65.00000
34.50000, 64.00000
35.00000, 65.00000
occurrence7
42.00000, 67.00000
43.50000, 67.00000
44.00000, 69.00000
44.00000, 72.00000
46.00000, 67.00000
46.00000, 70.00000
48.00000, 67.00000
49.00000, 69.00000
49.50000, 70.00000
50.00000, 72.00000
occurrence8
50.00000, 60.00000
51.00000, 64.00000
52.00000, 60.00000
52.00000, 65.00000
55.00000, 60.00000
56.00000, 65.00000
56.50000, 60.00000
57.00000, 62.00000
57.50000, 64.00000
58.00000, 65.00000
occurrence9
51.00000, 64.00000
52.00000, 65.00000
52.00000, 69.00000
53.00000, 69.00000
54.50000, 69.00000
55.00000, 67.00000
56.00000, 65.00000
57.50000, 64.00000
58.00000, 65.00000
58.50000, 67.00000
59.00000, 69.00000
occurrence10
55.00000, 60.00000
56.00000, 65.00000
56.50000, 60.00000
57.00000, 62.00000
57.50000, 64.00000
58.00000, 65.00000
59.00000, 60.00000
60.00000, 62.00000
61.50000, 60.00000
61.50000, 64.00000
62.00000, 62.00000
62.00000, 65.00000
62.50000, 64.00000
63.00000, 65.00000
occurrence11
70.00000, 67.00000
71.50000, 67.00000
72.00000, 69.00000
72.00000, 72.00000
74.00000, 67.00000
74.00000, 70.00000
76.00000, 67.00000
77.00000, 69.00000
77.50000, 70.00000
78.00000, 72.00000
pattern8
occurrence1
2.00000, 53.00000
3.00000, 50.00000
3.50000, 53.00000
4.00000, 48.00000
5.50000, 53.00000
6.00000, 52.00000
7.00000, 45.00000
7.00000, 48.00000
occurrence2
19.00000, 65.00000
20.00000, 64.00000
21.00000, 57.00000
21.00000, 60.00000
21.00000, 65.00000
22.00000, 62.00000
23.00000, 60.00000
23.00000, 64.00000
23.50000, 65.00000
24.00000, 57.00000
24.00000, 60.00000
24.00000, 65.00000
occurrence3
27.00000, 60.00000
27.00000, 67.00000
28.00000, 65.00000
28.50000, 60.00000
29.00000, 58.00000
29.00000, 62.00000
29.50000, 64.00000
30.00000, 65.00000
30.50000, 58.00000
30.50000, 67.00000
31.00000, 60.00000
32.00000, 58.00000
32.00000, 62.00000
occurrence4
35.00000, 65.00000
35.00000, 69.00000
35.50000, 60.00000
35.50000, 65.00000
36.00000, 63.00000
36.00000, 67.00000
37.00000, 60.00000
37.00000, 63.00000
38.00000, 62.00000
39.00000, 67.00000
40.00000, 60.00000
40.00000, 64.00000
40.00000, 67.00000
occurrence5
47.00000, 74.00000
47.50000, 65.00000
48.00000, 67.00000
49.00000, 65.00000
49.00000, 69.00000
49.50000, 70.00000
50.00000, 72.00000
51.50000, 70.00000
52.00000, 65.00000
52.00000, 69.00000
occurrence6
55.00000, 60.00000
55.00000, 67.00000
56.00000, 65.00000
56.50000, 60.00000
57.00000, 58.00000
57.00000, 62.00000
57.50000, 64.00000
58.00000, 65.00000
58.50000, 58.00000
58.50000, 67.00000
59.00000, 60.00000
60.00000, 58.00000
60.00000, 62.00000
occurrence7
63.00000, 65.00000
63.00000, 69.00000
63.50000, 60.00000
63.50000, 65.00000
64.00000, 63.00000
64.00000, 67.00000
65.00000, 60.00000
65.00000, 63.00000
66.00000, 62.00000
67.00000, 67.00000
68.00000, 60.00000
68.00000, 64.00000
68.00000, 67.00000
occurrence8
75.00000, 74.00000
75.50000, 65.00000
76.00000, 67.00000
77.00000, 65.00000
77.00000, 69.00000
77.50000, 70.00000
78.00000, 72.00000
79.50000, 70.00000
80.00000, 65.00000
80.00000, 69.00000
pattern9
occurrence1
9.50000, 48.00000
9.50000, 52.00000
9.50000, 64.00000
10.00000, 50.00000
10.00000, 53.00000
10.00000, 62.00000
10.50000, 55.00000
11.00000, 53.00000
11.00000, 57.00000
11.00000, 60.00000
11.50000, 58.00000
12.00000, 48.00000
12.00000, 60.00000
12.00000, 64.00000
12.50000, 62.00000
13.00000, 48.00000
13.00000, 64.00000
13.50000, 50.00000
14.00000, 52.00000
14.50000, 50.00000
14.50000, 53.00000
occurrence2
10.00000, 50.00000
10.00000, 53.00000
10.00000, 62.00000
10.00000, 65.00000
10.50000, 55.00000
11.00000, 53.00000
11.00000, 57.00000
11.00000, 60.00000
11.00000, 65.00000
11.50000, 58.00000
12.00000, 60.00000
12.00000, 64.00000
12.50000, 62.00000
13.00000, 64.00000
13.50000, 50.00000
13.50000, 65.00000
14.00000, 52.00000
14.50000, 50.00000
14.50000, 53.00000
15.00000, 52.00000
15.00000, 55.00000
15.00000, 64.00000
occurrence3
11.00000, 53.00000
11.00000, 57.00000
11.00000, 60.00000
11.00000, 65.00000
11.00000, 69.00000
11.50000, 58.00000
12.00000, 60.00000
12.00000, 64.00000
12.00000, 67.00000
12.50000, 62.00000
13.00000, 64.00000
13.50000, 65.00000
14.00000, 67.00000
14.50000, 53.00000
15.00000, 55.00000
15.00000, 64.00000
15.00000, 67.00000
15.50000, 53.00000
16.00000, 55.00000
16.00000, 62.00000
occurrence4
47.00000, 58.00000
47.00000, 62.00000
47.00000, 74.00000
47.50000, 65.00000
48.00000, 60.00000
48.00000, 64.00000
48.00000, 67.00000
49.00000, 65.00000
49.00000, 69.00000
49.50000, 70.00000
50.00000, 60.00000
50.00000, 72.00000
51.00000, 64.00000
51.50000, 70.00000
52.00000, 60.00000
52.00000, 65.00000
52.00000, 69.00000
occurrence5
75.00000, 58.00000
75.00000, 62.00000
75.00000, 74.00000
75.50000, 65.00000
76.00000, 60.00000
76.00000, 64.00000
76.00000, 67.00000
77.00000, 65.00000
77.00000, 69.00000
77.50000, 70.00000
78.00000, 60.00000
78.00000, 72.00000
79.00000, 64.00000
79.50000, 70.00000
80.00000, 60.00000
80.00000, 65.00000
80.00000, 69.00000
pattern10
occurrence1
12.00000, 60.00000
12.00000, 64.00000
12.00000, 67.00000
12.50000, 62.00000
13.00000, 64.00000
13.50000, 65.00000
14.00000, 67.00000
15.00000, 64.00000
15.00000, 67.00000
16.00000, 62.00000
16.00000, 70.00000
17.00000, 62.00000
17.50000, 60.00000
17.50000, 72.00000
occurrence2
26.50000, 53.00000
27.00000, 48.00000
27.00000, 52.00000
28.00000, 50.00000
28.00000, 53.00000
29.00000, 58.00000
29.50000, 55.00000
30.00000, 57.00000
30.50000, 58.00000
31.00000, 48.00000
31.00000, 57.00000
32.00000, 46.00000
32.00000, 58.00000
occurrence3
35.50000, 60.00000
35.50000, 65.00000
36.00000, 55.00000
36.00000, 63.00000
37.00000, 60.00000
37.00000, 63.00000
38.00000, 62.00000
39.00000, 59.00000
40.00000, 60.00000
40.00000, 64.00000
41.00000, 53.00000
41.00000, 57.00000
41.00000, 60.00000
41.00000, 65.00000
occurrence4
39.50000, 72.00000
40.00000, 67.00000
40.00000, 72.00000
41.00000, 65.00000
42.00000, 67.00000
43.50000, 67.00000
44.00000, 69.00000
44.00000, 72.00000
45.00000, 65.00000
45.00000, 77.00000
occurrence5
54.50000, 53.00000
55.00000, 48.00000
55.00000, 52.00000
56.00000, 50.00000
56.00000, 53.00000
57.00000, 58.00000
57.50000, 55.00000
58.00000, 57.00000
58.50000, 58.00000
59.00000, 48.00000
59.00000, 57.00000
60.00000, 46.00000
60.00000, 58.00000
occurrence6
63.50000, 60.00000
63.50000, 65.00000
64.00000, 55.00000
64.00000, 63.00000
65.00000, 60.00000
65.00000, 63.00000
66.00000, 62.00000
67.00000, 59.00000
68.00000, 60.00000
68.00000, 64.00000
69.00000, 53.00000
69.00000, 57.00000
69.00000, 60.00000
69.00000, 65.00000
occurrence7
67.50000, 72.00000
68.00000, 67.00000
68.00000, 72.00000
69.00000, 65.00000
70.00000, 67.00000
71.50000, 67.00000
72.00000, 69.00000
72.00000, 72.00000
73.00000, 65.00000
73.00000, 77.00000
pattern11
occurrence1
5.50000, 53.00000
5.50000, 65.00000
7.00000, 60.00000
8.00000, 58.00000
8.00000, 65.00000
9.00000, 58.00000
9.50000, 64.00000
10.00000, 53.00000
10.00000, 62.00000
10.00000, 65.00000
10.50000, 55.00000
11.00000, 53.00000
11.00000, 57.00000
11.00000, 60.00000
11.00000, 65.00000
11.50000, 58.00000
12.00000, 60.00000
12.00000, 64.00000
12.50000, 62.00000
13.00000, 64.00000
13.50000, 65.00000
occurrence2
11.00000, 53.00000
11.00000, 57.00000
11.00000, 60.00000
11.00000, 65.00000
11.50000, 58.00000
12.00000, 60.00000
12.00000, 64.00000
12.50000, 62.00000
13.00000, 64.00000
13.50000, 65.00000
14.50000, 53.00000
15.00000, 55.00000
15.00000, 64.00000
15.50000, 53.00000
16.00000, 55.00000
16.00000, 62.00000
17.00000, 62.00000
17.50000, 60.00000
18.00000, 58.00000
18.50000, 64.00000
19.00000, 53.00000
19.00000, 65.00000
occurrence3
23.00000, 48.00000
23.00000, 55.00000
23.00000, 60.00000
24.00000, 57.00000
24.00000, 60.00000
25.00000, 53.00000
26.50000, 53.00000
27.00000, 48.00000
27.00000, 52.00000
27.00000, 60.00000
28.00000, 50.00000
28.00000, 53.00000
28.50000, 60.00000
29.00000, 58.00000
29.50000, 55.00000
30.00000, 57.00000
30.50000, 58.00000
31.00000, 48.00000
31.00000, 57.00000
31.00000, 60.00000
occurrence4
40.00000, 48.00000
40.00000, 60.00000
41.00000, 53.00000
41.00000, 57.00000
41.00000, 60.00000
42.00000, 58.00000
43.00000, 52.00000
43.00000, 60.00000
44.00000, 53.00000
44.00000, 57.00000
45.00000, 50.00000
46.00000, 51.00000
46.00000, 55.00000
46.50000, 55.00000
47.00000, 58.00000
48.00000, 48.00000
48.00000, 60.00000
occurrence5
68.00000, 48.00000
68.00000, 60.00000
69.00000, 53.00000
69.00000, 57.00000
69.00000, 60.00000
70.00000, 58.00000
71.00000, 52.00000
71.00000, 60.00000
72.00000, 53.00000
72.00000, 57.00000
73.00000, 50.00000
74.00000, 51.00000
74.00000, 55.00000
74.50000, 55.00000
75.00000, 58.00000
76.00000, 48.00000
76.00000, 60.00000
pattern12
occurrence1
1.00000, 53.00000
1.00000, 57.00000
1.00000, 60.00000
1.00000, 72.00000
2.00000, 53.00000
2.00000, 57.00000
2.00000, 60.00000
2.00000, 65.00000
2.00000, 72.00000
3.00000, 55.00000
3.00000, 59.00000
3.00000, 65.00000
3.00000, 74.00000
3.50000, 53.00000
4.00000, 55.00000
4.00000, 60.00000
4.00000, 64.00000
4.00000, 76.00000
5.50000, 53.00000
5.50000, 65.00000
6.00000, 67.00000
7.00000, 60.00000
7.00000, 69.00000
7.00000, 77.00000
8.00000, 58.00000
8.00000, 65.00000
8.00000, 74.00000
9.00000, 58.00000
9.50000, 64.00000
9.50000, 72.00000
10.00000, 53.00000
10.00000, 62.00000
10.00000, 65.00000
10.00000, 70.00000
10.50000, 55.00000
11.00000, 53.00000
11.00000, 57.00000
11.00000, 60.00000
11.00000, 65.00000
11.00000, 69.00000
11.50000, 58.00000
12.00000, 60.00000
12.00000, 64.00000
12.00000, 67.00000
12.50000, 62.00000
13.00000, 64.00000
13.50000, 65.00000
14.00000, 67.00000
14.50000, 53.00000
15.00000, 55.00000
15.00000, 64.00000
15.00000, 67.00000
15.50000, 53.00000
16.00000, 55.00000
16.00000, 62.00000
16.00000, 70.00000
17.00000, 62.00000
17.50000, 60.00000
17.50000, 72.00000
18.00000, 58.00000
18.00000, 74.00000
18.50000, 64.00000
19.00000, 53.00000
19.00000, 65.00000
19.00000, 69.00000
20.00000, 55.00000
20.00000, 64.00000
20.00000, 72.00000
21.00000, 57.00000
21.00000, 60.00000
21.00000, 65.00000
22.00000, 55.00000
22.00000, 62.00000
22.00000, 67.00000
23.00000, 55.00000
23.00000, 60.00000
23.00000, 64.00000
23.50000, 65.00000
24.00000, 57.00000
24.00000, 60.00000
24.00000, 65.00000
25.00000, 53.00000
25.00000, 69.00000
26.50000, 53.00000
26.50000, 69.00000
27.00000, 60.00000
27.00000, 67.00000
28.00000, 53.00000
28.00000, 65.00000
28.50000, 60.00000
29.00000, 58.00000
29.00000, 62.00000
29.00000, 77.00000
occurrence2
24.00000, 41.00000
24.00000, 57.00000
24.00000, 60.00000
24.00000, 65.00000
25.00000, 53.00000
26.50000, 53.00000
27.00000, 48.00000
27.00000, 52.00000
27.00000, 60.00000
28.00000, 50.00000
28.00000, 53.00000
28.00000, 65.00000
28.50000, 60.00000
29.00000, 58.00000
29.00000, 62.00000
29.50000, 55.00000
29.50000, 64.00000
30.00000, 57.00000
30.00000, 65.00000
30.50000, 58.00000
31.00000, 48.00000
31.00000, 57.00000
31.00000, 60.00000
32.00000, 46.00000
32.00000, 58.00000
32.00000, 62.00000
32.50000, 46.00000
33.00000, 58.00000
33.50000, 60.00000
33.50000, 64.00000
34.00000, 62.00000
34.00000, 65.00000
34.50000, 64.00000
35.00000, 57.00000
35.00000, 65.00000
35.50000, 60.00000
35.50000, 65.00000
36.00000, 55.00000
36.00000, 63.00000
37.00000, 60.00000
37.00000, 63.00000
38.00000, 62.00000
39.00000, 59.00000
40.00000, 48.00000
40.00000, 60.00000
40.00000, 64.00000
41.00000, 53.00000
41.00000, 57.00000
41.00000, 60.00000
41.00000, 65.00000
42.00000, 58.00000
42.00000, 62.00000
43.00000, 52.00000
43.00000, 60.00000
44.00000, 53.00000
44.00000, 57.00000
45.00000, 50.00000
45.00000, 62.00000
45.00000, 65.00000
45.50000, 65.00000
46.00000, 51.00000
46.00000, 55.00000
46.00000, 63.00000
46.50000, 55.00000
47.00000, 46.00000
47.00000, 58.00000
47.00000, 62.00000
47.50000, 65.00000
48.00000, 48.00000
48.00000, 60.00000
48.00000, 64.00000
49.00000, 57.00000
49.00000, 65.00000
50.00000, 55.00000
50.00000, 60.00000
51.00000, 48.00000
51.00000, 64.00000
52.00000, 41.00000
52.00000, 53.00000
52.00000, 60.00000
52.00000, 65.00000
occurrence3
52.00000, 41.00000
52.00000, 53.00000
52.00000, 60.00000
52.00000, 65.00000
53.00000, 53.00000
54.50000, 53.00000
55.00000, 48.00000
55.00000, 52.00000
55.00000, 60.00000
56.00000, 50.00000
56.00000, 53.00000
56.00000, 65.00000
56.50000, 60.00000
57.00000, 58.00000
57.00000, 62.00000
57.50000, 55.00000
57.50000, 64.00000
58.00000, 57.00000
58.00000, 65.00000
58.50000, 58.00000
59.00000, 48.00000
59.00000, 57.00000
59.00000, 60.00000
60.00000, 46.00000
60.00000, 58.00000
60.00000, 62.00000
60.50000, 46.00000
61.00000, 58.00000
61.50000, 60.00000
61.50000, 64.00000
62.00000, 62.00000
62.00000, 65.00000
62.50000, 64.00000
63.00000, 57.00000
63.00000, 65.00000
63.50000, 60.00000
63.50000, 65.00000
64.00000, 55.00000
64.00000, 63.00000
65.00000, 60.00000
65.00000, 63.00000
66.00000, 62.00000
67.00000, 59.00000
68.00000, 48.00000
68.00000, 60.00000
68.00000, 64.00000
69.00000, 53.00000
69.00000, 57.00000
69.00000, 60.00000
69.00000, 65.00000
70.00000, 58.00000
70.00000, 62.00000
71.00000, 52.00000
71.00000, 60.00000
72.00000, 53.00000
72.00000, 57.00000
73.00000, 50.00000
73.00000, 62.00000
73.00000, 65.00000
73.50000, 65.00000
74.00000, 51.00000
74.00000, 55.00000
74.00000, 63.00000
74.50000, 55.00000
75.00000, 46.00000
75.00000, 58.00000
75.00000, 62.00000
75.50000, 65.00000
76.00000, 48.00000
76.00000, 60.00000
76.00000, 64.00000
77.00000, 57.00000
77.00000, 65.00000
78.00000, 55.00000
78.00000, 60.00000
79.00000, 48.00000
79.00000, 64.00000
80.00000, 41.00000
80.00000, 53.00000
80.00000, 60.00000
80.00000, 65.00000
pattern13
occurrence1
3.50000, 53.00000
5.50000, 53.00000
10.00000, 53.00000
11.00000, 53.00000
14.50000, 53.00000
15.50000, 53.00000
19.00000, 53.00000
25.00000, 53.00000
26.50000, 53.00000
28.00000, 53.00000
41.00000, 53.00000
44.00000, 53.00000
52.00000, 53.00000
53.00000, 53.00000
occurrence2
7.00000, 60.00000
11.00000, 60.00000
12.00000, 60.00000
17.50000, 60.00000
21.00000, 60.00000
23.00000, 60.00000
24.00000, 60.00000
27.00000, 60.00000
28.50000, 60.00000
31.00000, 60.00000
33.50000, 60.00000
35.50000, 60.00000
37.00000, 60.00000
40.00000, 60.00000
41.00000, 60.00000
43.00000, 60.00000
48.00000, 60.00000
50.00000, 60.00000
52.00000, 60.00000
55.00000, 60.00000
56.50000, 60.00000
occurrence3
9.00000, 58.00000
11.50000, 58.00000
18.00000, 58.00000
29.00000, 58.00000
30.50000, 58.00000
32.00000, 58.00000
33.00000, 58.00000
39.00000, 59.00000
42.00000, 58.00000
47.00000, 58.00000
57.00000, 58.00000
58.50000, 58.00000
occurrence4
9.50000, 48.00000
12.00000, 48.00000
13.00000, 48.00000
18.50000, 48.00000
20.00000, 48.00000
20.50000, 48.00000
23.00000, 48.00000
27.00000, 48.00000
31.00000, 48.00000
40.00000, 48.00000
48.00000, 48.00000
51.00000, 48.00000
55.00000, 48.00000
59.00000, 48.00000
occurrence5
11.50000, 58.00000
18.00000, 58.00000
29.00000, 58.00000
30.50000, 58.00000
32.00000, 58.00000
33.00000, 58.00000
39.00000, 59.00000
42.00000, 58.00000
47.00000, 58.00000
57.00000, 58.00000
58.50000, 58.00000
60.00000, 58.00000
61.00000, 58.00000
occurrence6
12.00000, 60.00000
17.50000, 60.00000
21.00000, 60.00000
23.00000, 60.00000
24.00000, 60.00000
27.00000, 60.00000
28.50000, 60.00000
31.00000, 60.00000
33.50000, 60.00000
35.50000, 60.00000
37.00000, 60.00000
40.00000, 60.00000
41.00000, 60.00000
43.00000, 60.00000
48.00000, 60.00000
50.00000, 60.00000
52.00000, 60.00000
55.00000, 60.00000
56.50000, 60.00000
59.00000, 60.00000
61.50000, 60.00000
occurrence7
12.00000, 64.00000
13.00000, 64.00000
15.00000, 64.00000
18.50000, 64.00000
20.00000, 64.00000
23.00000, 64.00000
29.50000, 64.00000
33.50000, 64.00000
34.50000, 64.00000
36.00000, 63.00000
37.00000, 63.00000
40.00000, 64.00000
46.00000, 63.00000
48.00000, 64.00000
51.00000, 64.00000
57.50000, 64.00000
61.50000, 64.00000
occurrence8
12.50000, 62.00000
16.00000, 62.00000
17.00000, 62.00000
22.00000, 62.00000
29.00000, 62.00000
32.00000, 62.00000
34.00000, 62.00000
38.00000, 62.00000
42.00000, 62.00000
45.00000, 62.00000
47.00000, 62.00000
57.00000, 62.00000
60.00000, 62.00000
62.00000, 62.00000
occurrence9
13.00000, 64.00000
15.00000, 64.00000
18.50000, 64.00000
20.00000, 64.00000
23.00000, 64.00000
29.50000, 64.00000
33.50000, 64.00000
34.50000, 64.00000
36.00000, 63.00000
37.00000, 63.00000
40.00000, 64.00000
46.00000, 63.00000
48.00000, 64.00000
51.00000, 64.00000
57.50000, 64.00000
61.50000, 64.00000
62.50000, 64.00000
occurrence10
13.50000, 65.00000
19.00000, 65.00000
21.00000, 65.00000
23.50000, 65.00000
24.00000, 65.00000
28.00000, 65.00000
30.00000, 65.00000
34.00000, 65.00000
35.00000, 65.00000
35.50000, 65.00000
41.00000, 65.00000
45.00000, 65.00000
45.50000, 65.00000
47.50000, 65.00000
49.00000, 65.00000
52.00000, 65.00000
56.00000, 65.00000
58.00000, 65.00000
62.00000, 65.00000
63.00000, 65.00000
occurrence11
18.50000, 48.00000
20.00000, 48.00000
20.50000, 48.00000
23.00000, 48.00000
27.00000, 48.00000
31.00000, 48.00000
40.00000, 48.00000
48.00000, 48.00000
51.00000, 48.00000
55.00000, 48.00000
59.00000, 48.00000
68.00000, 48.00000
occurrence12
18.50000, 64.00000
20.00000, 64.00000
23.00000, 64.00000
29.50000, 64.00000
33.50000, 64.00000
34.50000, 64.00000
36.00000, 63.00000
37.00000, 63.00000
40.00000, 64.00000
46.00000, 63.00000
48.00000, 64.00000
51.00000, 64.00000
57.50000, 64.00000
61.50000, 64.00000
62.50000, 64.00000
64.00000, 63.00000
65.00000, 63.00000
68.00000, 64.00000
occurrence13
22.00000, 67.00000
27.00000, 67.00000
30.50000, 67.00000
34.50000, 67.00000
36.00000, 67.00000
39.00000, 67.00000
40.00000, 67.00000
42.00000, 67.00000
43.50000, 67.00000
46.00000, 67.00000
48.00000, 67.00000
55.00000, 67.00000
58.50000, 67.00000
62.50000, 67.00000
64.00000, 67.00000
67.00000, 67.00000
68.00000, 67.00000
70.00000, 67.00000
71.50000, 67.00000
occurrence14
23.50000, 65.00000
24.00000, 65.00000
28.00000, 65.00000
30.00000, 65.00000
34.00000, 65.00000
35.00000, 65.00000
35.50000, 65.00000
41.00000, 65.00000
45.00000, 65.00000
45.50000, 65.00000
47.50000, 65.00000
49.00000, 65.00000
52.00000, 65.00000
56.00000, 65.00000
58.00000, 65.00000
62.00000, 65.00000
63.00000, 65.00000
63.50000, 65.00000
69.00000, 65.00000
73.00000, 65.00000
occurrence15
24.00000, 65.00000
28.00000, 65.00000
30.00000, 65.00000
34.00000, 65.00000
35.00000, 65.00000
35.50000, 65.00000
41.00000, 65.00000
45.00000, 65.00000
45.50000, 65.00000
47.50000, 65.00000
49.00000, 65.00000
52.00000, 65.00000
56.00000, 65.00000
58.00000, 65.00000
62.00000, 65.00000
63.00000, 65.00000
63.50000, 65.00000
69.00000, 65.00000
73.00000, 65.00000
73.50000, 65.00000
occurrence16
28.50000, 60.00000
31.00000, 60.00000
33.50000, 60.00000
35.50000, 60.00000
37.00000, 60.00000
40.00000, 60.00000
41.00000, 60.00000
43.00000, 60.00000
48.00000, 60.00000
50.00000, 60.00000
52.00000, 60.00000
55.00000, 60.00000
56.50000, 60.00000
59.00000, 60.00000
61.50000, 60.00000
63.50000, 60.00000
65.00000, 60.00000
68.00000, 60.00000
69.00000, 60.00000
71.00000, 60.00000
76.00000, 60.00000
78.00000, 60.00000
occurrence17
29.50000, 64.00000
33.50000, 64.00000
34.50000, 64.00000
36.00000, 63.00000
37.00000, 63.00000
40.00000, 64.00000
46.00000, 63.00000
48.00000, 64.00000
51.00000, 64.00000
57.50000, 64.00000
61.50000, 64.00000
62.50000, 64.00000
64.00000, 63.00000
65.00000, 63.00000
68.00000, 64.00000
74.00000, 63.00000
76.00000, 64.00000
79.00000, 64.00000
pattern14
occurrence1
5.50000, 53.00000
5.50000, 65.00000
6.00000, 52.00000
7.00000, 48.00000
7.00000, 60.00000
8.00000, 46.00000
8.00000, 50.00000
8.00000, 58.00000
8.00000, 65.00000
9.00000, 58.00000
9.50000, 48.00000
9.50000, 52.00000
9.50000, 64.00000
10.00000, 50.00000
10.00000, 53.00000
10.00000, 62.00000
10.00000, 65.00000
10.50000, 55.00000
11.00000, 53.00000
11.00000, 57.00000
11.00000, 60.00000
11.00000, 65.00000
11.50000, 58.00000
12.00000, 48.00000
12.00000, 60.00000
12.00000, 64.00000
12.50000, 62.00000
13.00000, 48.00000
13.00000, 64.00000
13.50000, 50.00000
13.50000, 65.00000
14.00000, 52.00000
14.50000, 50.00000
14.50000, 53.00000
15.00000, 52.00000
15.00000, 55.00000
15.00000, 64.00000
15.50000, 53.00000
16.00000, 55.00000
16.00000, 62.00000
17.00000, 46.00000
17.00000, 62.00000
17.50000, 60.00000
18.00000, 50.00000
18.00000, 58.00000
18.50000, 48.00000
18.50000, 64.00000
19.00000, 50.00000
19.00000, 53.00000
19.00000, 65.00000
20.00000, 48.00000
20.00000, 52.00000
20.00000, 55.00000
20.00000, 64.00000
20.50000, 48.00000
21.00000, 57.00000
21.00000, 60.00000
21.00000, 65.00000
22.00000, 46.00000
22.00000, 55.00000
22.00000, 62.00000
23.00000, 48.00000
23.00000, 55.00000
23.00000, 60.00000
23.00000, 64.00000
23.50000, 65.00000
24.00000, 57.00000
24.00000, 60.00000
24.00000, 65.00000
25.00000, 53.00000
26.50000, 53.00000
27.00000, 48.00000
27.00000, 52.00000
27.00000, 60.00000
28.00000, 50.00000
28.00000, 53.00000
28.00000, 65.00000
28.50000, 60.00000
29.00000, 58.00000
29.00000, 62.00000
occurrence2
28.00000, 65.00000
28.50000, 60.00000
29.00000, 58.00000
29.00000, 62.00000
29.00000, 77.00000
29.50000, 64.00000
30.00000, 65.00000
30.50000, 58.00000
30.50000, 67.00000
30.50000, 77.00000
31.00000, 60.00000
31.00000, 69.00000
31.00000, 76.00000
32.00000, 58.00000
32.00000, 62.00000
32.00000, 74.00000
33.00000, 58.00000
33.50000, 60.00000
33.50000, 64.00000
34.00000, 62.00000
34.00000, 65.00000
34.50000, 64.00000
34.50000, 67.00000
35.00000, 65.00000
35.00000, 69.00000
35.00000, 72.00000
35.50000, 60.00000
35.50000, 65.00000
36.00000, 63.00000
36.00000, 67.00000
36.00000, 71.00000
37.00000, 60.00000
37.00000, 63.00000
37.00000, 72.00000
38.00000, 62.00000
38.00000, 74.00000
39.00000, 59.00000
39.00000, 67.00000
39.50000, 72.00000
40.00000, 60.00000
40.00000, 64.00000
40.00000, 67.00000
40.00000, 72.00000
41.00000, 60.00000
41.00000, 65.00000
42.00000, 58.00000
42.00000, 62.00000
42.00000, 67.00000
43.00000, 60.00000
43.50000, 67.00000
44.00000, 69.00000
44.00000, 72.00000
45.00000, 62.00000
45.00000, 65.00000
45.00000, 77.00000
45.50000, 65.00000
46.00000, 63.00000
46.00000, 67.00000
46.00000, 70.00000
47.00000, 58.00000
47.00000, 62.00000
47.00000, 74.00000
47.50000, 65.00000
48.00000, 60.00000
48.00000, 64.00000
48.00000, 67.00000
49.00000, 65.00000
49.00000, 69.00000
49.50000, 70.00000
50.00000, 60.00000
50.00000, 72.00000
51.00000, 64.00000
51.50000, 70.00000
occurrence3
56.00000, 65.00000
56.50000, 60.00000
57.00000, 58.00000
57.00000, 62.00000
57.00000, 77.00000
57.50000, 64.00000
58.00000, 65.00000
58.50000, 58.00000
58.50000, 67.00000
58.50000, 77.00000
59.00000, 60.00000
59.00000, 69.00000
59.00000, 76.00000
60.00000, 58.00000
60.00000, 62.00000
60.00000, 74.00000
61.00000, 58.00000
61.50000, 60.00000
61.50000, 64.00000
62.00000, 62.00000
62.00000, 65.00000
62.50000, 64.00000
62.50000, 67.00000
63.00000, 65.00000
63.00000, 69.00000
63.00000, 72.00000
63.50000, 60.00000
63.50000, 65.00000
64.00000, 63.00000
64.00000, 67.00000
64.00000, 71.00000
65.00000, 60.00000
65.00000, 63.00000
65.00000, 72.00000
66.00000, 62.00000
66.00000, 74.00000
67.00000, 59.00000
67.00000, 67.00000
67.50000, 72.00000
68.00000, 60.00000
68.00000, 64.00000
68.00000, 67.00000
68.00000, 72.00000
69.00000, 60.00000
69.00000, 65.00000
70.00000, 58.00000
70.00000, 62.00000
70.00000, 67.00000
71.00000, 60.00000
71.50000, 67.00000
72.00000, 69.00000
72.00000, 72.00000
73.00000, 62.00000
73.00000, 65.00000
73.00000, 77.00000
73.50000, 65.00000
74.00000, 63.00000
74.00000, 67.00000
74.00000, 70.00000
75.00000, 58.00000
75.00000, 62.00000
75.00000, 74.00000
75.50000, 65.00000
76.00000, 60.00000
76.00000, 64.00000
76.00000, 67.00000
77.00000, 65.00000
77.00000, 69.00000
77.50000, 70.00000
78.00000, 60.00000
78.00000, 72.00000
79.00000, 64.00000
79.50000, 70.00000
pattern15
occurrence1
6.00000, 52.00000
6.00000, 67.00000
7.00000, 60.00000
7.00000, 69.00000
8.00000, 58.00000
8.00000, 65.00000
9.00000, 58.00000
9.50000, 52.00000
9.50000, 64.00000
9.50000, 72.00000
occurrence2
14.00000, 52.00000
14.00000, 67.00000
14.50000, 53.00000
15.00000, 52.00000
15.00000, 55.00000
15.00000, 64.00000
15.00000, 67.00000
15.50000, 53.00000
16.00000, 55.00000
16.00000, 62.00000
16.00000, 70.00000
17.00000, 62.00000
17.50000, 60.00000
17.50000, 72.00000
occurrence3
14.50000, 53.00000
15.00000, 55.00000
15.00000, 64.00000
15.00000, 67.00000
15.50000, 53.00000
16.00000, 55.00000
16.00000, 62.00000
16.00000, 70.00000
17.00000, 62.00000
17.50000, 60.00000
17.50000, 72.00000
18.00000, 58.00000
18.00000, 74.00000
occurrence4
23.00000, 48.00000
23.00000, 55.00000
23.00000, 60.00000
23.00000, 64.00000
23.50000, 65.00000
24.00000, 57.00000
24.00000, 60.00000
24.00000, 65.00000
25.00000, 53.00000
25.00000, 69.00000
26.50000, 53.00000
26.50000, 69.00000
occurrence5
32.50000, 46.00000
33.00000, 58.00000
33.50000, 60.00000
33.50000, 64.00000
34.00000, 62.00000
34.00000, 65.00000
34.50000, 64.00000
34.50000, 67.00000
35.00000, 57.00000
35.00000, 65.00000
35.50000, 60.00000
35.50000, 65.00000
36.00000, 55.00000
36.00000, 63.00000
36.00000, 67.00000
occurrence6
51.00000, 48.00000
51.00000, 64.00000
52.00000, 53.00000
52.00000, 60.00000
52.00000, 65.00000
52.00000, 69.00000
53.00000, 53.00000
53.00000, 69.00000
54.50000, 53.00000
54.50000, 69.00000
occurrence7
60.50000, 46.00000
61.00000, 58.00000
61.50000, 60.00000
61.50000, 64.00000
62.00000, 62.00000
62.00000, 65.00000
62.50000, 64.00000
62.50000, 67.00000
63.00000, 57.00000
63.00000, 65.00000
63.50000, 60.00000
63.50000, 65.00000
64.00000, 55.00000
64.00000, 63.00000
64.00000, 67.00000
pattern16
occurrence1
4.00000, 48.00000
4.00000, 55.00000
4.00000, 60.00000
4.00000, 64.00000
4.00000, 76.00000
5.50000, 53.00000
5.50000, 65.00000
6.00000, 52.00000
6.00000, 67.00000
7.00000, 45.00000
7.00000, 48.00000
7.00000, 60.00000
7.00000, 69.00000
7.00000, 77.00000
8.00000, 46.00000
8.00000, 50.00000
8.00000, 58.00000
8.00000, 65.00000
8.00000, 74.00000
9.00000, 58.00000
9.50000, 48.00000
9.50000, 52.00000
9.50000, 64.00000
9.50000, 72.00000
10.00000, 50.00000
10.00000, 53.00000
10.00000, 62.00000
10.00000, 65.00000
10.00000, 70.00000
10.50000, 55.00000
11.00000, 53.00000
11.00000, 57.00000
11.00000, 60.00000
11.00000, 65.00000
11.00000, 69.00000
11.50000, 58.00000
12.00000, 48.00000
12.00000, 60.00000
12.00000, 64.00000
12.00000, 67.00000
12.50000, 62.00000
13.00000, 48.00000
13.00000, 64.00000
13.50000, 50.00000
13.50000, 65.00000
14.00000, 52.00000
14.00000, 67.00000
14.50000, 50.00000
14.50000, 53.00000
15.00000, 52.00000
15.00000, 55.00000
15.00000, 64.00000
15.00000, 67.00000
15.50000, 53.00000
16.00000, 43.00000
16.00000, 55.00000
16.00000, 62.00000
16.00000, 70.00000
17.00000, 46.00000
17.00000, 62.00000
17.50000, 60.00000
17.50000, 72.00000
18.00000, 50.00000
18.00000, 58.00000
18.00000, 74.00000
18.50000, 48.00000
18.50000, 64.00000
19.00000, 50.00000
19.00000, 53.00000
19.00000, 65.00000
19.00000, 69.00000
20.00000, 48.00000
20.00000, 52.00000
20.00000, 55.00000
20.00000, 64.00000
20.00000, 72.00000
20.50000, 48.00000
21.00000, 45.00000
21.00000, 57.00000
21.00000, 60.00000
21.00000, 65.00000
22.00000, 46.00000
22.00000, 55.00000
22.00000, 62.00000
22.00000, 67.00000
23.00000, 48.00000
23.00000, 55.00000
23.00000, 60.00000
23.00000, 64.00000
23.50000, 65.00000
24.00000, 41.00000
24.00000, 57.00000
24.00000, 60.00000
24.00000, 65.00000
25.00000, 53.00000
25.00000, 69.00000
26.50000, 53.00000
26.50000, 69.00000
27.00000, 48.00000
27.00000, 52.00000
27.00000, 60.00000
27.00000, 67.00000
28.00000, 50.00000
28.00000, 53.00000
28.00000, 65.00000
28.50000, 60.00000
29.00000, 58.00000
29.00000, 62.00000
29.00000, 77.00000
29.50000, 55.00000
29.50000, 64.00000
30.00000, 57.00000
30.00000, 65.00000
30.50000, 58.00000
30.50000, 67.00000
30.50000, 77.00000
31.00000, 48.00000
31.00000, 57.00000
31.00000, 60.00000
31.00000, 69.00000
31.00000, 76.00000
32.00000, 46.00000
32.00000, 58.00000
32.00000, 62.00000
32.00000, 74.00000
32.50000, 46.00000
33.00000, 58.00000
33.50000, 60.00000
33.50000, 64.00000
34.00000, 62.00000
34.00000, 65.00000
34.50000, 64.00000
34.50000, 67.00000
35.00000, 57.00000
35.00000, 65.00000
35.00000, 69.00000
35.00000, 72.00000
35.50000, 60.00000
35.50000, 65.00000
36.00000, 55.00000
36.00000, 63.00000
36.00000, 67.00000
36.00000, 71.00000
37.00000, 60.00000
37.00000, 63.00000
37.00000, 72.00000
38.00000, 62.00000
38.00000, 74.00000
39.00000, 59.00000
39.00000, 67.00000
39.50000, 72.00000
40.00000, 48.00000
40.00000, 60.00000
40.00000, 64.00000
40.00000, 67.00000
40.00000, 72.00000
41.00000, 53.00000
41.00000, 57.00000
41.00000, 60.00000
41.00000, 65.00000
42.00000, 58.00000
42.00000, 62.00000
42.00000, 67.00000
43.00000, 52.00000
43.00000, 60.00000
43.00000, 79.00000
43.50000, 67.00000
44.00000, 53.00000
44.00000, 57.00000
44.00000, 69.00000
44.00000, 72.00000
45.00000, 50.00000
45.00000, 62.00000
45.00000, 65.00000
45.00000, 77.00000
45.50000, 65.00000
46.00000, 51.00000
46.00000, 55.00000
46.00000, 63.00000
46.00000, 67.00000
46.00000, 70.00000
46.50000, 55.00000
47.00000, 46.00000
47.00000, 58.00000
47.00000, 62.00000
47.00000, 74.00000
47.50000, 65.00000
48.00000, 48.00000
48.00000, 60.00000
48.00000, 64.00000
48.00000, 67.00000
49.00000, 57.00000
49.00000, 65.00000
49.00000, 69.00000
49.50000, 70.00000
50.00000, 55.00000
50.00000, 60.00000
50.00000, 72.00000
51.00000, 48.00000
51.00000, 64.00000
51.50000, 70.00000
52.00000, 41.00000
52.00000, 53.00000
52.00000, 60.00000
52.00000, 65.00000
52.00000, 69.00000
53.00000, 53.00000
53.00000, 69.00000
54.50000, 53.00000
54.50000, 69.00000
55.00000, 48.00000
55.00000, 52.00000
55.00000, 60.00000
55.00000, 67.00000
56.00000, 50.00000
56.00000, 53.00000
56.00000, 65.00000
56.50000, 60.00000
57.00000, 58.00000
57.00000, 62.00000
57.00000, 77.00000
57.50000, 55.00000
57.50000, 64.00000
58.00000, 57.00000
58.00000, 65.00000
58.50000, 58.00000
58.50000, 67.00000
58.50000, 77.00000
59.00000, 48.00000
59.00000, 57.00000
59.00000, 60.00000
59.00000, 69.00000
59.00000, 76.00000
60.00000, 46.00000
60.00000, 58.00000
60.00000, 62.00000
60.00000, 74.00000
60.50000, 46.00000
61.00000, 58.00000
61.50000, 60.00000
61.50000, 64.00000
62.00000, 62.00000
62.00000, 65.00000
62.50000, 64.00000
62.50000, 67.00000
63.00000, 57.00000
63.00000, 65.00000
63.00000, 69.00000
63.00000, 72.00000
63.50000, 60.00000
63.50000, 65.00000
64.00000, 55.00000
64.00000, 63.00000
64.00000, 67.00000
64.00000, 71.00000
65.00000, 60.00000
65.00000, 63.00000
65.00000, 72.00000
66.00000, 62.00000
66.00000, 74.00000
67.00000, 59.00000
67.00000, 67.00000
67.50000, 72.00000
68.00000, 48.00000
68.00000, 60.00000
68.00000, 64.00000
68.00000, 67.00000
68.00000, 72.00000
69.00000, 53.00000
69.00000, 57.00000
69.00000, 60.00000
69.00000, 65.00000
70.00000, 58.00000
70.00000, 62.00000
70.00000, 67.00000
71.00000, 52.00000
71.00000, 60.00000
71.00000, 79.00000
71.50000, 67.00000
72.00000, 53.00000
72.00000, 57.00000
72.00000, 69.00000
72.00000, 72.00000
73.00000, 50.00000
73.00000, 62.00000
73.00000, 65.00000
73.00000, 77.00000
73.50000, 65.00000
74.00000, 51.00000
74.00000, 55.00000
74.00000, 63.00000
74.00000, 67.00000
74.00000, 70.00000
74.50000, 55.00000
75.00000, 46.00000
75.00000, 58.00000
75.00000, 62.00000
75.00000, 74.00000
75.50000, 65.00000
76.00000, 48.00000
76.00000, 60.00000
76.00000, 64.00000
76.00000, 67.00000
77.00000, 57.00000
77.00000, 65.00000
77.00000, 69.00000
77.50000, 70.00000
78.00000, 55.00000
78.00000, 60.00000
78.00000, 72.00000
79.00000, 48.00000
79.00000, 64.00000
79.50000, 70.00000
80.00000, 41.00000
80.00000, 53.00000
80.00000, 60.00000
80.00000, 65.00000
80.00000, 69.00000

