pattern1
occurrence1
2.00000, 53.00000
2.00000, 57.00000
3.00000, 55.00000
3.00000, 59.00000
occurrence2
7.00000, 45.00000
7.00000, 48.00000
8.00000, 46.00000
8.00000, 50.00000
occurrence3
19.00000, 50.00000
19.00000, 53.00000
20.00000, 52.00000
20.00000, 55.00000
occurrence4
27.00000, 48.00000
27.00000, 52.00000
28.00000, 50.00000
28.00000, 53.00000
occurrence5
31.00000, 57.00000
31.00000, 60.00000
32.00000, 58.00000
32.00000, 62.00000
occurrence6
35.00000, 65.00000
35.00000, 69.00000
36.00000, 67.00000
36.00000, 71.00000
occurrence7
41.00000, 57.00000
41.00000, 60.00000
42.00000, 58.00000
42.00000, 62.00000
occurrence8
45.00000, 62.00000
45.00000, 65.00000
46.00000, 63.00000
46.00000, 67.00000
occurrence9
47.00000, 58.00000
47.00000, 62.00000
48.00000, 60.00000
48.00000, 64.00000
occurrence10
48.00000, 64.00000
48.00000, 67.00000
49.00000, 65.00000
49.00000, 69.00000
occurrence11
55.00000, 48.00000
55.00000, 52.00000
56.00000, 50.00000
56.00000, 53.00000
occurrence12
59.00000, 57.00000
59.00000, 60.00000
60.00000, 58.00000
60.00000, 62.00000
occurrence13
63.00000, 65.00000
63.00000, 69.00000
64.00000, 67.00000
64.00000, 71.00000
occurrence14
69.00000, 57.00000
69.00000, 60.00000
70.00000, 58.00000
70.00000, 62.00000
occurrence15
73.00000, 62.00000
73.00000, 65.00000
74.00000, 63.00000
74.00000, 67.00000
occurrence16
75.00000, 58.00000
75.00000, 62.00000
76.00000, 60.00000
76.00000, 64.00000
occurrence17
76.00000, 64.00000
76.00000, 67.00000
77.00000, 65.00000
77.00000, 69.00000
pattern2
occurrence1
3.00000, 50.00000
3.00000, 59.00000
3.00000, 65.00000
4.00000, 48.00000
4.00000, 64.00000
occurrence2
27.00000, 52.00000
27.00000, 60.00000
27.00000, 67.00000
28.00000, 50.00000
28.00000, 65.00000
occurrence3
31.00000, 60.00000
31.00000, 69.00000
31.00000, 76.00000
32.00000, 58.00000
32.00000, 74.00000
occurrence4
35.00000, 57.00000
35.00000, 65.00000
35.00000, 72.00000
36.00000, 55.00000
36.00000, 71.00000
occurrence5
55.00000, 52.00000
55.00000, 60.00000
55.00000, 67.00000
56.00000, 50.00000
56.00000, 65.00000
occurrence6
59.00000, 60.00000
59.00000, 69.00000
59.00000, 76.00000
60.00000, 58.00000
60.00000, 74.00000
occurrence7
63.00000, 57.00000
63.00000, 65.00000
63.00000, 72.00000
64.00000, 55.00000
64.00000, 71.00000
pattern3
occurrence1
11.50000, 58.00000
12.00000, 48.00000
12.00000, 60.00000
12.00000, 64.00000
occurrence2
18.50000, 64.00000
19.00000, 53.00000
19.00000, 65.00000
19.00000, 69.00000
occurrence3
34.50000, 67.00000
35.00000, 57.00000
35.00000, 69.00000
35.00000, 72.00000
occurrence4
35.50000, 65.00000
36.00000, 55.00000
36.00000, 67.00000
36.00000, 71.00000
occurrence5
43.50000, 67.00000
44.00000, 57.00000
44.00000, 69.00000
44.00000, 72.00000
occurrence6
45.50000, 65.00000
46.00000, 55.00000
46.00000, 67.00000
46.00000, 70.00000
occurrence7
62.50000, 67.00000
63.00000, 57.00000
63.00000, 69.00000
63.00000, 72.00000
occurrence8
63.50000, 65.00000
64.00000, 55.00000
64.00000, 67.00000
64.00000, 71.00000
occurrence9
71.50000, 67.00000
72.00000, 57.00000
72.00000, 69.00000
72.00000, 72.00000
occurrence10
73.50000, 65.00000
74.00000, 55.00000
74.00000, 67.00000
74.00000, 70.00000
pattern4
occurrence1
11.00000, 57.00000
11.50000, 58.00000
12.00000, 48.00000
12.00000, 60.00000
occurrence2
15.00000, 52.00000
15.50000, 53.00000
16.00000, 43.00000
16.00000, 55.00000
occurrence3
30.00000, 57.00000
30.50000, 58.00000
31.00000, 48.00000
31.00000, 60.00000
occurrence4
30.00000, 65.00000
30.50000, 67.00000
31.00000, 57.00000
31.00000, 69.00000
occurrence5
34.00000, 65.00000
34.50000, 67.00000
35.00000, 57.00000
35.00000, 69.00000
occurrence6
49.00000, 69.00000
49.50000, 70.00000
50.00000, 60.00000
50.00000, 72.00000
occurrence7
58.00000, 57.00000
58.50000, 58.00000
59.00000, 48.00000
59.00000, 60.00000
occurrence8
58.00000, 65.00000
58.50000, 67.00000
59.00000, 57.00000
59.00000, 69.00000
occurrence9
62.00000, 65.00000
62.50000, 67.00000
63.00000, 57.00000
63.00000, 69.00000
occurrence10
77.00000, 69.00000
77.50000, 70.00000
78.00000, 60.00000
78.00000, 72.00000
pattern5
occurrence1
3.00000, 55.00000
3.00000, 59.00000
4.00000, 48.00000
4.00000, 60.00000
occurrence2
20.00000, 52.00000
20.00000, 55.00000
21.00000, 45.00000
21.00000, 57.00000
occurrence3
36.00000, 67.00000
36.00000, 71.00000
37.00000, 60.00000
37.00000, 72.00000
occurrence4
40.00000, 60.00000
40.00000, 64.00000
41.00000, 53.00000
41.00000, 65.00000
occurrence5
45.00000, 62.00000
45.00000, 65.00000
46.00000, 55.00000
46.00000, 67.00000
occurrence6
48.00000, 64.00000
48.00000, 67.00000
49.00000, 57.00000
49.00000, 69.00000
occurrence7
64.00000, 67.00000
64.00000, 71.00000
65.00000, 60.00000
65.00000, 72.00000
occurrence8
68.00000, 60.00000
68.00000, 64.00000
69.00000, 53.00000
69.00000, 65.00000
occurrence9
73.00000, 62.00000
73.00000, 65.00000
74.00000, 55.00000
74.00000, 67.00000
occurrence10
76.00000, 64.00000
76.00000, 67.00000
77.00000, 57.00000
77.00000, 69.00000
pattern6
occurrence1
3.00000, 50.00000
3.00000, 59.00000
4.00000, 48.00000
4.00000, 60.00000
occurrence2
3.00000, 65.00000
3.00000, 74.00000
4.00000, 64.00000
4.00000, 76.00000
occurrence3
21.00000, 57.00000
21.00000, 65.00000
22.00000, 55.00000
22.00000, 67.00000
occurrence4
31.00000, 48.00000
31.00000, 57.00000
32.00000, 46.00000
32.00000, 58.00000
occurrence5
35.00000, 57.00000
35.00000, 65.00000
36.00000, 55.00000
36.00000, 67.00000
occurrence6
37.00000, 63.00000
37.00000, 72.00000
38.00000, 62.00000
38.00000, 74.00000
occurrence7
59.00000, 48.00000
59.00000, 57.00000
60.00000, 46.00000
60.00000, 58.00000
occurrence8
63.00000, 57.00000
63.00000, 65.00000
64.00000, 55.00000
64.00000, 67.00000
occurrence9
65.00000, 63.00000
65.00000, 72.00000
66.00000, 62.00000
66.00000, 74.00000
pattern7
occurrence1
1.00000, 57.00000
1.00000, 60.00000
1.00000, 72.00000
2.00000, 65.00000
occurrence2
2.00000, 57.00000
2.00000, 60.00000
2.00000, 72.00000
3.00000, 65.00000
occurrence3
20.00000, 48.00000
20.00000, 52.00000
20.00000, 64.00000
21.00000, 57.00000
occurrence4
28.00000, 50.00000
28.00000, 53.00000
28.00000, 65.00000
29.00000, 58.00000
occurrence5
44.00000, 53.00000
44.00000, 57.00000
44.00000, 69.00000
45.00000, 62.00000
occurrence6
45.00000, 62.00000
45.00000, 65.00000
45.00000, 77.00000
46.00000, 70.00000
occurrence7
47.00000, 58.00000
47.00000, 62.00000
47.00000, 74.00000
48.00000, 67.00000
occurrence8
56.00000, 50.00000
56.00000, 53.00000
56.00000, 65.00000
57.00000, 58.00000
occurrence9
72.00000, 53.00000
72.00000, 57.00000
72.00000, 69.00000
73.00000, 62.00000
occurrence10
73.00000, 62.00000
73.00000, 65.00000
73.00000, 77.00000
74.00000, 70.00000
occurrence11
75.00000, 58.00000
75.00000, 62.00000
75.00000, 74.00000
76.00000, 67.00000
pattern8
occurrence1
2.00000, 57.00000
2.00000, 60.00000
2.00000, 65.00000
3.00000, 50.00000
3.00000, 59.00000
occurrence2
40.00000, 64.00000
40.00000, 67.00000
40.00000, 72.00000
41.00000, 57.00000
41.00000, 65.00000
occurrence3
42.00000, 58.00000
42.00000, 62.00000
42.00000, 67.00000
43.00000, 52.00000
43.00000, 60.00000
occurrence4
68.00000, 64.00000
68.00000, 67.00000
68.00000, 72.00000
69.00000, 57.00000
69.00000, 65.00000
occurrence5
70.00000, 58.00000
70.00000, 62.00000
70.00000, 67.00000
71.00000, 52.00000
71.00000, 60.00000
pattern9
occurrence1
21.00000, 45.00000
21.00000, 57.00000
21.00000, 60.00000
22.00000, 46.00000
22.00000, 62.00000
occurrence2
45.00000, 50.00000
45.00000, 62.00000
45.00000, 65.00000
46.00000, 51.00000
46.00000, 67.00000
occurrence3
47.00000, 46.00000
47.00000, 58.00000
47.00000, 62.00000
48.00000, 48.00000
48.00000, 64.00000
occurrence4
73.00000, 50.00000
73.00000, 62.00000
73.00000, 65.00000
74.00000, 51.00000
74.00000, 67.00000
occurrence5
75.00000, 46.00000
75.00000, 58.00000
75.00000, 62.00000
76.00000, 48.00000
76.00000, 64.00000
pattern10
occurrence1
4.00000, 60.00000
4.00000, 64.00000
4.00000, 76.00000
5.50000, 65.00000
occurrence2
9.50000, 48.00000
9.50000, 52.00000
9.50000, 64.00000
11.00000, 53.00000
occurrence3
28.00000, 50.00000
28.00000, 53.00000
28.00000, 65.00000
29.50000, 55.00000
occurrence4
32.00000, 58.00000
32.00000, 62.00000
32.00000, 74.00000
33.50000, 64.00000
occurrence5
56.00000, 50.00000
56.00000, 53.00000
56.00000, 65.00000
57.50000, 55.00000
occurrence6
60.00000, 58.00000
60.00000, 62.00000
60.00000, 74.00000
61.50000, 64.00000
pattern11
occurrence1
9.50000, 52.00000
10.00000, 50.00000
10.00000, 53.00000
10.50000, 55.00000
occurrence2
10.50000, 55.00000
11.00000, 53.00000
11.00000, 57.00000
11.50000, 58.00000
occurrence3
14.00000, 52.00000
14.50000, 50.00000
14.50000, 53.00000
15.00000, 55.00000
occurrence4
28.50000, 60.00000
29.00000, 58.00000
29.00000, 62.00000
29.50000, 64.00000
occurrence5
33.50000, 64.00000
34.00000, 62.00000
34.00000, 65.00000
34.50000, 67.00000
occurrence6
34.00000, 65.00000
34.50000, 64.00000
34.50000, 67.00000
35.00000, 69.00000
occurrence7
56.50000, 60.00000
57.00000, 58.00000
57.00000, 62.00000
57.50000, 64.00000
occurrence8
61.50000, 64.00000
62.00000, 62.00000
62.00000, 65.00000
62.50000, 67.00000
occurrence9
62.00000, 65.00000
62.50000, 64.00000
62.50000, 67.00000
63.00000, 69.00000
pattern12
occurrence1
7.00000, 69.00000
8.00000, 50.00000
8.00000, 65.00000
occurrence2
7.00000, 77.00000
8.00000, 58.00000
8.00000, 74.00000
occurrence3
12.00000, 67.00000
13.00000, 48.00000
13.00000, 64.00000
occurrence4
20.00000, 64.00000
21.00000, 45.00000
21.00000, 60.00000
occurrence5
21.00000, 65.00000
22.00000, 46.00000
22.00000, 62.00000
occurrence6
22.00000, 67.00000
23.00000, 48.00000
23.00000, 64.00000
occurrence7
23.00000, 60.00000
24.00000, 41.00000
24.00000, 57.00000
occurrence8
39.00000, 67.00000
40.00000, 48.00000
40.00000, 64.00000
occurrence9
44.00000, 69.00000
45.00000, 50.00000
45.00000, 65.00000
occurrence10
67.00000, 67.00000
68.00000, 48.00000
68.00000, 64.00000
occurrence11
72.00000, 69.00000
73.00000, 50.00000
73.00000, 65.00000
pattern13
occurrence1
4.00000, 48.00000
4.00000, 55.00000
4.00000, 60.00000
4.00000, 64.00000
occurrence2
11.00000, 53.00000
11.00000, 60.00000
11.00000, 65.00000
11.00000, 69.00000
occurrence3
23.00000, 48.00000
23.00000, 55.00000
23.00000, 60.00000
23.00000, 64.00000
occurrence4
52.00000, 53.00000
52.00000, 60.00000
52.00000, 65.00000
52.00000, 69.00000
occurrence5
80.00000, 53.00000
80.00000, 60.00000
80.00000, 65.00000
80.00000, 69.00000
pattern14
occurrence1
16.00000, 70.00000
17.00000, 46.00000
17.00000, 62.00000
occurrence2
17.50000, 72.00000
18.50000, 48.00000
18.50000, 64.00000
occurrence3
18.00000, 74.00000
19.00000, 50.00000
19.00000, 65.00000
occurrence4
46.00000, 70.00000
47.00000, 46.00000
47.00000, 62.00000
occurrence5
50.00000, 72.00000
51.00000, 48.00000
51.00000, 64.00000
occurrence6
74.00000, 70.00000
75.00000, 46.00000
75.00000, 62.00000
occurrence7
78.00000, 72.00000
79.00000, 48.00000
79.00000, 64.00000
pattern15
occurrence1
24.00000, 60.00000
24.00000, 65.00000
25.00000, 53.00000
25.00000, 69.00000
occurrence2
50.00000, 55.00000
50.00000, 60.00000
51.00000, 48.00000
51.00000, 64.00000
occurrence3
52.00000, 60.00000
52.00000, 65.00000
53.00000, 53.00000
53.00000, 69.00000
occurrence4
78.00000, 55.00000
78.00000, 60.00000
79.00000, 48.00000
79.00000, 64.00000
pattern16
occurrence1
9.50000, 48.00000
9.50000, 64.00000
10.00000, 62.00000
occurrence2
12.00000, 48.00000
12.00000, 64.00000
12.50000, 62.00000
occurrence3
17.00000, 46.00000
17.00000, 62.00000
17.50000, 60.00000
occurrence4
26.50000, 53.00000
26.50000, 69.00000
27.00000, 67.00000
occurrence5
54.50000, 53.00000
54.50000, 69.00000
55.00000, 67.00000
pattern17
occurrence1
30.50000, 77.00000
31.00000, 48.00000
31.00000, 60.00000
occurrence2
51.50000, 70.00000
52.00000, 41.00000
52.00000, 53.00000
occurrence3
58.50000, 77.00000
59.00000, 48.00000
59.00000, 60.00000
occurrence4
79.50000, 70.00000
80.00000, 41.00000
80.00000, 53.00000
pattern18
occurrence1
1.00000, 53.00000
3.50000, 53.00000
5.50000, 53.00000
6.00000, 52.00000
6.00000, 67.00000
7.00000, 60.00000
9.00000, 58.00000
9.50000, 72.00000
10.00000, 65.00000
10.00000, 70.00000
13.50000, 50.00000
13.50000, 65.00000
14.00000, 67.00000
15.00000, 64.00000
15.00000, 67.00000
16.00000, 62.00000
18.00000, 50.00000
18.00000, 58.00000
20.00000, 72.00000
20.50000, 48.00000
23.50000, 65.00000
29.00000, 77.00000
32.50000, 46.00000
33.00000, 58.00000
33.50000, 60.00000
35.50000, 60.00000
36.00000, 63.00000
39.00000, 59.00000
39.50000, 72.00000
43.00000, 79.00000
46.50000, 55.00000
47.50000, 65.00000
57.00000, 77.00000
60.50000, 46.00000
61.00000, 58.00000
61.50000, 60.00000
63.50000, 60.00000
64.00000, 63.00000
67.00000, 59.00000
67.50000, 72.00000
71.00000, 79.00000
74.50000, 55.00000
75.50000, 65.00000
pattern19
occurrence1
29.00000, 77.00000
32.50000, 46.00000
33.00000, 58.00000
33.50000, 60.00000
35.50000, 60.00000
36.00000, 63.00000
39.00000, 59.00000
39.50000, 72.00000
43.00000, 79.00000
46.50000, 55.00000
47.50000, 65.00000
occurrence2
57.00000, 77.00000
60.50000, 46.00000
61.00000, 58.00000
61.50000, 60.00000
63.50000, 60.00000
64.00000, 63.00000
67.00000, 59.00000
67.50000, 72.00000
71.00000, 79.00000
74.50000, 55.00000
75.50000, 65.00000
pattern20
occurrence1
1.00000, 53.00000
3.50000, 53.00000
5.50000, 53.00000
6.00000, 52.00000
6.00000, 67.00000
7.00000, 60.00000
9.00000, 58.00000
9.50000, 72.00000
10.00000, 65.00000
10.00000, 70.00000
13.50000, 50.00000
13.50000, 65.00000
14.00000, 67.00000
15.00000, 64.00000
15.00000, 67.00000
16.00000, 62.00000
18.00000, 50.00000
18.00000, 58.00000
20.00000, 72.00000
20.50000, 48.00000
23.50000, 65.00000

