pattern1
occurrence1
1.00000, 57.00000
1.00000, 60.00000
1.00000, 72.00000
occurrence2
2.00000, 57.00000
2.00000, 60.00000
2.00000, 65.00000
2.00000, 72.00000
occurrence3
3.00000, 50.00000
3.00000, 55.00000
3.00000, 59.00000
3.00000, 65.00000
occurrence4
3.00000, 59.00000
3.00000, 65.00000
3.00000, 74.00000
occurrence5
4.00000, 48.00000
4.00000, 55.00000
4.00000, 60.00000
4.00000, 64.00000
occurrence6
4.00000, 60.00000
4.00000, 64.00000
4.00000, 76.00000
occurrence7
6.00000, 52.00000
6.00000, 67.00000
occurrence8
7.00000, 45.00000
7.00000, 48.00000
7.00000, 60.00000
occurrence9
8.00000, 50.00000
8.00000, 58.00000
8.00000, 65.00000
occurrence10
8.00000, 58.00000
8.00000, 65.00000
8.00000, 74.00000
occurrence11
9.50000, 48.00000
9.50000, 52.00000
9.50000, 64.00000
occurrence12
10.00000, 50.00000
10.00000, 53.00000
10.00000, 62.00000
10.00000, 65.00000
occurrence13
11.00000, 53.00000
11.00000, 57.00000
11.00000, 60.00000
11.00000, 65.00000
11.00000, 69.00000
occurrence14
12.00000, 48.00000
12.00000, 60.00000
12.00000, 64.00000
occurrence15
13.00000, 48.00000
13.00000, 64.00000
occurrence16
13.50000, 50.00000
13.50000, 65.00000
occurrence17
14.00000, 52.00000
14.00000, 67.00000
occurrence18
15.00000, 52.00000
15.00000, 55.00000
15.00000, 64.00000
15.00000, 67.00000
occurrence19
16.00000, 55.00000
16.00000, 62.00000
16.00000, 70.00000
occurrence20
17.00000, 46.00000
17.00000, 62.00000
occurrence21
18.00000, 58.00000
18.00000, 74.00000
occurrence22
18.50000, 48.00000
18.50000, 64.00000
occurrence23
19.00000, 50.00000
19.00000, 53.00000
19.00000, 65.00000
occurrence24
19.00000, 53.00000
19.00000, 65.00000
19.00000, 69.00000
occurrence25
20.00000, 48.00000
20.00000, 52.00000
20.00000, 55.00000
20.00000, 64.00000
occurrence26
21.00000, 45.00000
21.00000, 57.00000
21.00000, 60.00000
occurrence27
22.00000, 46.00000
22.00000, 55.00000
22.00000, 62.00000
occurrence28
23.00000, 48.00000
23.00000, 55.00000
23.00000, 60.00000
23.00000, 64.00000
occurrence29
24.00000, 41.00000
24.00000, 57.00000
occurrence30
25.00000, 53.00000
25.00000, 69.00000
occurrence31
26.50000, 53.00000
26.50000, 69.00000
occurrence32
27.00000, 52.00000
27.00000, 60.00000
27.00000, 67.00000
occurrence33
28.00000, 50.00000
28.00000, 53.00000
28.00000, 65.00000
occurrence34
29.00000, 62.00000
29.00000, 77.00000
occurrence35
31.00000, 60.00000
31.00000, 69.00000
31.00000, 76.00000
occurrence36
32.00000, 46.00000
32.00000, 58.00000
32.00000, 62.00000
occurrence37
32.00000, 58.00000
32.00000, 62.00000
32.00000, 74.00000
occurrence38
35.00000, 57.00000
35.00000, 65.00000
35.00000, 69.00000
35.00000, 72.00000
occurrence39
36.00000, 55.00000
36.00000, 63.00000
36.00000, 67.00000
36.00000, 71.00000
occurrence40
40.00000, 48.00000
40.00000, 60.00000
40.00000, 64.00000
occurrence41
44.00000, 53.00000
44.00000, 57.00000
44.00000, 69.00000
occurrence42
44.00000, 57.00000
44.00000, 69.00000
44.00000, 72.00000
occurrence43
45.00000, 50.00000
45.00000, 62.00000
45.00000, 65.00000
occurrence44
45.00000, 62.00000
45.00000, 65.00000
45.00000, 77.00000
occurrence45
46.00000, 51.00000
46.00000, 55.00000
46.00000, 63.00000
46.00000, 67.00000
occurrence46
46.00000, 55.00000
46.00000, 63.00000
46.00000, 67.00000
46.00000, 70.00000
occurrence47
47.00000, 46.00000
47.00000, 58.00000
47.00000, 62.00000
occurrence48
47.00000, 58.00000
47.00000, 62.00000
47.00000, 74.00000
occurrence49
48.00000, 48.00000
48.00000, 60.00000
48.00000, 64.00000
occurrence50
51.00000, 48.00000
51.00000, 64.00000
occurrence51
52.00000, 53.00000
52.00000, 60.00000
52.00000, 65.00000
52.00000, 69.00000
occurrence52
53.00000, 53.00000
53.00000, 69.00000
occurrence53
54.50000, 53.00000
54.50000, 69.00000
occurrence54
55.00000, 52.00000
55.00000, 60.00000
55.00000, 67.00000
occurrence55
56.00000, 50.00000
56.00000, 53.00000
56.00000, 65.00000
occurrence56
57.00000, 62.00000
57.00000, 77.00000
occurrence57
59.00000, 60.00000
59.00000, 69.00000
59.00000, 76.00000
occurrence58
60.00000, 46.00000
60.00000, 58.00000
60.00000, 62.00000
occurrence59
60.00000, 58.00000
60.00000, 62.00000
60.00000, 74.00000
occurrence60
63.00000, 57.00000
63.00000, 65.00000
63.00000, 69.00000
63.00000, 72.00000
occurrence61
64.00000, 55.00000
64.00000, 63.00000
64.00000, 67.00000
64.00000, 71.00000
occurrence62
68.00000, 48.00000
68.00000, 60.00000
68.00000, 64.00000
occurrence63
72.00000, 53.00000
72.00000, 57.00000
72.00000, 69.00000
occurrence64
72.00000, 57.00000
72.00000, 69.00000
72.00000, 72.00000
occurrence65
73.00000, 50.00000
73.00000, 62.00000
73.00000, 65.00000
occurrence66
73.00000, 62.00000
73.00000, 65.00000
73.00000, 77.00000
occurrence67
74.00000, 51.00000
74.00000, 55.00000
74.00000, 63.00000
74.00000, 67.00000
occurrence68
74.00000, 55.00000
74.00000, 63.00000
74.00000, 67.00000
74.00000, 70.00000
occurrence69
75.00000, 46.00000
75.00000, 58.00000
75.00000, 62.00000
occurrence70
75.00000, 58.00000
75.00000, 62.00000
75.00000, 74.00000
occurrence71
76.00000, 48.00000
76.00000, 60.00000
76.00000, 64.00000
occurrence72
79.00000, 48.00000
79.00000, 64.00000
occurrence73
80.00000, 53.00000
80.00000, 60.00000
80.00000, 65.00000
80.00000, 69.00000
pattern2
occurrence1
2.00000, 53.00000
2.00000, 57.00000
2.00000, 60.00000
2.00000, 65.00000
2.00000, 72.00000
3.00000, 50.00000
3.00000, 55.00000
3.00000, 59.00000
3.00000, 65.00000
3.00000, 74.00000
3.50000, 53.00000
4.00000, 48.00000
4.00000, 55.00000
4.00000, 60.00000
4.00000, 64.00000
4.00000, 76.00000
5.50000, 53.00000
5.50000, 65.00000
6.00000, 52.00000
6.00000, 67.00000
7.00000, 45.00000
7.00000, 48.00000
7.00000, 60.00000
7.00000, 69.00000
7.00000, 77.00000
8.00000, 46.00000
8.00000, 50.00000
8.00000, 58.00000
8.00000, 65.00000
8.00000, 74.00000
9.00000, 58.00000
9.50000, 48.00000
9.50000, 52.00000
9.50000, 64.00000
9.50000, 72.00000
10.00000, 50.00000
10.00000, 53.00000
10.00000, 62.00000
10.00000, 65.00000
10.00000, 70.00000
10.50000, 55.00000
11.00000, 53.00000
11.00000, 57.00000
11.00000, 60.00000
11.00000, 65.00000
11.00000, 69.00000
11.50000, 58.00000
12.00000, 48.00000
12.00000, 60.00000
12.00000, 64.00000
12.00000, 67.00000
12.50000, 62.00000
13.00000, 48.00000
13.00000, 64.00000
13.50000, 50.00000
13.50000, 65.00000
14.00000, 52.00000
14.00000, 67.00000
14.50000, 50.00000
14.50000, 53.00000
15.00000, 52.00000
15.00000, 55.00000
15.00000, 64.00000
15.00000, 67.00000
15.50000, 53.00000
16.00000, 43.00000
16.00000, 55.00000
16.00000, 62.00000
16.00000, 70.00000
17.00000, 46.00000
17.00000, 62.00000
17.50000, 60.00000
17.50000, 72.00000
18.00000, 50.00000
18.00000, 58.00000
18.00000, 74.00000
18.50000, 48.00000
18.50000, 64.00000
19.00000, 50.00000
19.00000, 53.00000
19.00000, 65.00000
19.00000, 69.00000
20.00000, 48.00000
20.00000, 52.00000
20.00000, 55.00000
20.00000, 64.00000
20.00000, 72.00000
20.50000, 48.00000
21.00000, 45.00000
21.00000, 57.00000
21.00000, 60.00000
21.00000, 65.00000
22.00000, 46.00000
22.00000, 55.00000
22.00000, 62.00000
22.00000, 67.00000
23.00000, 48.00000
23.00000, 55.00000
23.00000, 60.00000
23.00000, 64.00000
23.50000, 65.00000
24.00000, 41.00000
24.00000, 57.00000
24.00000, 60.00000
24.00000, 65.00000
25.00000, 53.00000
25.00000, 69.00000
26.50000, 53.00000
26.50000, 69.00000
27.00000, 48.00000
27.00000, 52.00000
27.00000, 60.00000
27.00000, 67.00000
28.00000, 50.00000
28.00000, 53.00000
28.00000, 65.00000
28.50000, 60.00000
29.00000, 58.00000
29.00000, 62.00000
29.00000, 77.00000
29.50000, 55.00000
29.50000, 64.00000
30.00000, 57.00000
30.00000, 65.00000
30.50000, 58.00000
30.50000, 67.00000
30.50000, 77.00000
31.00000, 48.00000
31.00000, 57.00000
31.00000, 60.00000
31.00000, 69.00000
31.00000, 76.00000
32.00000, 46.00000
32.00000, 58.00000
32.00000, 62.00000
32.00000, 74.00000
32.50000, 46.00000
33.00000, 58.00000
33.50000, 60.00000
33.50000, 64.00000
34.00000, 62.00000
34.00000, 65.00000
34.50000, 64.00000
34.50000, 67.00000
35.00000, 57.00000
35.00000, 65.00000
35.00000, 69.00000
35.00000, 72.00000
35.50000, 60.00000
35.50000, 65.00000
36.00000, 55.00000
36.00000, 63.00000
36.00000, 67.00000
36.00000, 71.00000
37.00000, 60.00000
37.00000, 63.00000
37.00000, 72.00000
38.00000, 62.00000
38.00000, 74.00000
39.00000, 59.00000
39.00000, 67.00000
39.50000, 72.00000
40.00000, 48.00000
40.00000, 60.00000
40.00000, 64.00000
40.00000, 67.00000
40.00000, 72.00000
41.00000, 53.00000
41.00000, 57.00000
41.00000, 60.00000
41.00000, 65.00000
42.00000, 58.00000
42.00000, 62.00000
42.00000, 67.00000
43.00000, 52.00000
43.00000, 60.00000
43.00000, 79.00000
43.50000, 67.00000
44.00000, 53.00000
44.00000, 57.00000
44.00000, 69.00000
44.00000, 72.00000
45.00000, 50.00000
45.00000, 62.00000
45.00000, 65.00000
45.00000, 77.00000
45.50000, 65.00000
46.00000, 51.00000
46.00000, 55.00000
46.00000, 63.00000
46.00000, 67.00000
46.00000, 70.00000
46.50000, 55.00000
47.00000, 46.00000
47.00000, 58.00000
47.00000, 62.00000
47.00000, 74.00000
47.50000, 65.00000
48.00000, 48.00000
48.00000, 60.00000
48.00000, 64.00000
48.00000, 67.00000
49.00000, 57.00000
49.00000, 65.00000
49.00000, 69.00000
49.50000, 70.00000
50.00000, 55.00000
50.00000, 60.00000
50.00000, 72.00000
51.00000, 48.00000
51.00000, 64.00000
51.50000, 70.00000
52.00000, 41.00000
52.00000, 53.00000
52.00000, 60.00000
52.00000, 65.00000
52.00000, 69.00000
occurrence2
30.00000, 57.00000
30.00000, 65.00000
30.50000, 58.00000
30.50000, 67.00000
30.50000, 77.00000
31.00000, 48.00000
31.00000, 57.00000
31.00000, 60.00000
31.00000, 69.00000
31.00000, 76.00000
32.00000, 46.00000
32.00000, 58.00000
32.00000, 62.00000
32.00000, 74.00000
32.50000, 46.00000
33.00000, 58.00000
33.50000, 60.00000
33.50000, 64.00000
34.00000, 62.00000
34.00000, 65.00000
34.50000, 64.00000
34.50000, 67.00000
35.00000, 57.00000
35.00000, 65.00000
35.00000, 69.00000
35.00000, 72.00000
35.50000, 60.00000
35.50000, 65.00000
36.00000, 55.00000
36.00000, 63.00000
36.00000, 67.00000
36.00000, 71.00000
37.00000, 60.00000
37.00000, 63.00000
37.00000, 72.00000
38.00000, 62.00000
38.00000, 74.00000
39.00000, 59.00000
39.00000, 67.00000
39.50000, 72.00000
40.00000, 48.00000
40.00000, 60.00000
40.00000, 64.00000
40.00000, 67.00000
40.00000, 72.00000
41.00000, 53.00000
41.00000, 57.00000
41.00000, 60.00000
41.00000, 65.00000
42.00000, 58.00000
42.00000, 62.00000
42.00000, 67.00000
43.00000, 52.00000
43.00000, 60.00000
43.00000, 79.00000
43.50000, 67.00000
44.00000, 53.00000
44.00000, 57.00000
44.00000, 69.00000
44.00000, 72.00000
45.00000, 50.00000
45.00000, 62.00000
45.00000, 65.00000
45.00000, 77.00000
45.50000, 65.00000
46.00000, 51.00000
46.00000, 55.00000
46.00000, 63.00000
46.00000, 67.00000
46.00000, 70.00000
46.50000, 55.00000
47.00000, 46.00000
47.00000, 58.00000
47.00000, 62.00000
47.00000, 74.00000
47.50000, 65.00000
48.00000, 48.00000
48.00000, 60.00000
48.00000, 64.00000
48.00000, 67.00000
49.00000, 57.00000
49.00000, 65.00000
49.00000, 69.00000
49.50000, 70.00000
50.00000, 55.00000
50.00000, 60.00000
50.00000, 72.00000
51.00000, 48.00000
51.00000, 64.00000
51.50000, 70.00000
52.00000, 41.00000
52.00000, 53.00000
52.00000, 60.00000
52.00000, 65.00000
52.00000, 69.00000
53.00000, 53.00000
53.00000, 69.00000
54.50000, 53.00000
54.50000, 69.00000
55.00000, 48.00000
55.00000, 52.00000
55.00000, 60.00000
55.00000, 67.00000
56.00000, 50.00000
56.00000, 53.00000
56.00000, 65.00000
56.50000, 60.00000
57.00000, 58.00000
57.00000, 62.00000
57.00000, 77.00000
57.50000, 55.00000
57.50000, 64.00000
58.00000, 57.00000
58.00000, 65.00000
58.50000, 58.00000
58.50000, 67.00000
58.50000, 77.00000
59.00000, 48.00000
59.00000, 57.00000
59.00000, 60.00000
59.00000, 69.00000
59.00000, 76.00000
60.00000, 46.00000
60.00000, 58.00000
60.00000, 62.00000
60.00000, 74.00000
60.50000, 46.00000
61.00000, 58.00000
61.50000, 60.00000
61.50000, 64.00000
62.00000, 62.00000
62.00000, 65.00000
62.50000, 64.00000
62.50000, 67.00000
63.00000, 57.00000
63.00000, 65.00000
63.00000, 69.00000
63.00000, 72.00000
63.50000, 60.00000
63.50000, 65.00000
64.00000, 55.00000
64.00000, 63.00000
64.00000, 67.00000
64.00000, 71.00000
65.00000, 60.00000
65.00000, 63.00000
65.00000, 72.00000
66.00000, 62.00000
66.00000, 74.00000
67.00000, 59.00000
67.00000, 67.00000
67.50000, 72.00000
68.00000, 48.00000
68.00000, 60.00000
68.00000, 64.00000
68.00000, 67.00000
68.00000, 72.00000
69.00000, 53.00000
69.00000, 57.00000
69.00000, 60.00000
69.00000, 65.00000
70.00000, 58.00000
70.00000, 62.00000
70.00000, 67.00000
71.00000, 52.00000
71.00000, 60.00000
71.00000, 79.00000
71.50000, 67.00000
72.00000, 53.00000
72.00000, 57.00000
72.00000, 69.00000
72.00000, 72.00000
73.00000, 50.00000
73.00000, 62.00000
73.00000, 65.00000
73.00000, 77.00000
73.50000, 65.00000
74.00000, 51.00000
74.00000, 55.00000
74.00000, 63.00000
74.00000, 67.00000
74.00000, 70.00000
74.50000, 55.00000
75.00000, 46.00000
75.00000, 58.00000
75.00000, 62.00000
75.00000, 74.00000
75.50000, 65.00000
76.00000, 48.00000
76.00000, 60.00000
76.00000, 64.00000
76.00000, 67.00000
77.00000, 57.00000
77.00000, 65.00000
77.00000, 69.00000
77.50000, 70.00000
78.00000, 55.00000
78.00000, 60.00000
78.00000, 72.00000
79.00000, 48.00000
79.00000, 64.00000
79.50000, 70.00000
80.00000, 41.00000
80.00000, 53.00000
80.00000, 60.00000
80.00000, 65.00000
80.00000, 69.00000
pattern3
occurrence1
12.00000, 48.00000
12.00000, 60.00000
12.00000, 64.00000
occurrence2
32.00000, 46.00000
32.00000, 58.00000
32.00000, 62.00000
occurrence3
35.00000, 57.00000
35.00000, 65.00000
35.00000, 69.00000
35.00000, 72.00000
occurrence4
36.00000, 55.00000
36.00000, 63.00000
36.00000, 67.00000
36.00000, 71.00000
occurrence5
40.00000, 48.00000
40.00000, 60.00000
40.00000, 64.00000
occurrence6
44.00000, 57.00000
44.00000, 69.00000
44.00000, 72.00000
occurrence7
45.00000, 50.00000
45.00000, 62.00000
45.00000, 65.00000
occurrence8
46.00000, 51.00000
46.00000, 55.00000
46.00000, 63.00000
46.00000, 67.00000
occurrence9
46.00000, 55.00000
46.00000, 63.00000
46.00000, 67.00000
46.00000, 70.00000
occurrence10
47.00000, 46.00000
47.00000, 58.00000
47.00000, 62.00000
occurrence11
48.00000, 48.00000
48.00000, 60.00000
48.00000, 64.00000
occurrence12
52.00000, 53.00000
52.00000, 60.00000
52.00000, 65.00000
52.00000, 69.00000
pattern4
occurrence1
12.00000, 48.00000
12.00000, 60.00000
12.00000, 64.00000
occurrence2
20.00000, 48.00000
20.00000, 52.00000
20.00000, 55.00000
20.00000, 64.00000
occurrence3
23.00000, 48.00000
23.00000, 55.00000
23.00000, 60.00000
23.00000, 64.00000
occurrence4
25.00000, 53.00000
25.00000, 69.00000
occurrence5
26.50000, 53.00000
26.50000, 69.00000
occurrence6
27.00000, 52.00000
27.00000, 60.00000
27.00000, 67.00000
occurrence7
28.00000, 50.00000
28.00000, 53.00000
28.00000, 65.00000
occurrence8
29.00000, 62.00000
29.00000, 77.00000
occurrence9
31.00000, 60.00000
31.00000, 69.00000
31.00000, 76.00000
occurrence10
32.00000, 46.00000
32.00000, 58.00000
32.00000, 62.00000
occurrence11
32.00000, 58.00000
32.00000, 62.00000
32.00000, 74.00000
occurrence12
35.00000, 57.00000
35.00000, 65.00000
35.00000, 69.00000
35.00000, 72.00000
occurrence13
36.00000, 55.00000
36.00000, 63.00000
36.00000, 67.00000
36.00000, 71.00000
occurrence14
40.00000, 48.00000
40.00000, 60.00000
40.00000, 64.00000
occurrence15
44.00000, 53.00000
44.00000, 57.00000
44.00000, 69.00000
occurrence16
44.00000, 57.00000
44.00000, 69.00000
44.00000, 72.00000
occurrence17
45.00000, 50.00000
45.00000, 62.00000
45.00000, 65.00000
occurrence18
45.00000, 62.00000
45.00000, 65.00000
45.00000, 77.00000
occurrence19
46.00000, 51.00000
46.00000, 55.00000
46.00000, 63.00000
46.00000, 67.00000
occurrence20
46.00000, 55.00000
46.00000, 63.00000
46.00000, 67.00000
46.00000, 70.00000
occurrence21
47.00000, 46.00000
47.00000, 58.00000
47.00000, 62.00000
occurrence22
47.00000, 58.00000
47.00000, 62.00000
47.00000, 74.00000
occurrence23
48.00000, 48.00000
48.00000, 60.00000
48.00000, 64.00000
occurrence24
51.00000, 48.00000
51.00000, 64.00000
occurrence25
52.00000, 53.00000
52.00000, 60.00000
52.00000, 65.00000
52.00000, 69.00000
pattern5
occurrence1
12.00000, 60.00000
12.00000, 64.00000
occurrence2
12.00000, 64.00000
12.00000, 67.00000
occurrence3
27.00000, 48.00000
27.00000, 52.00000
occurrence4
28.00000, 50.00000
28.00000, 53.00000
occurrence5
29.00000, 58.00000
29.00000, 62.00000
occurrence6
31.00000, 57.00000
31.00000, 60.00000
occurrence7
32.00000, 58.00000
32.00000, 62.00000
occurrence8
33.50000, 60.00000
33.50000, 64.00000
occurrence9
34.00000, 62.00000
34.00000, 65.00000
occurrence10
34.50000, 64.00000
34.50000, 67.00000
occurrence11
35.00000, 65.00000
35.00000, 69.00000
occurrence12
35.00000, 69.00000
35.00000, 72.00000
occurrence13
36.00000, 63.00000
36.00000, 67.00000
occurrence14
36.00000, 67.00000
36.00000, 71.00000
occurrence15
37.00000, 60.00000
37.00000, 63.00000
occurrence16
40.00000, 60.00000
40.00000, 64.00000
occurrence17
40.00000, 64.00000
40.00000, 67.00000
occurrence18
41.00000, 53.00000
41.00000, 57.00000
occurrence19
41.00000, 57.00000
41.00000, 60.00000
occurrence20
42.00000, 58.00000
42.00000, 62.00000
occurrence21
44.00000, 53.00000
44.00000, 57.00000
occurrence22
44.00000, 69.00000
44.00000, 72.00000
occurrence23
45.00000, 62.00000
45.00000, 65.00000
occurrence24
46.00000, 51.00000
46.00000, 55.00000
occurrence25
46.00000, 63.00000
46.00000, 67.00000
occurrence26
46.00000, 67.00000
46.00000, 70.00000
occurrence27
47.00000, 58.00000
47.00000, 62.00000
occurrence28
48.00000, 60.00000
48.00000, 64.00000
occurrence29
48.00000, 64.00000
48.00000, 67.00000
occurrence30
49.00000, 65.00000
49.00000, 69.00000
occurrence31
52.00000, 65.00000
52.00000, 69.00000
pattern6
occurrence1
2.00000, 57.00000
2.00000, 60.00000
2.00000, 65.00000
occurrence2
21.00000, 57.00000
21.00000, 60.00000
21.00000, 65.00000
occurrence3
27.00000, 52.00000
27.00000, 60.00000
occurrence4
29.50000, 55.00000
29.50000, 64.00000
occurrence5
30.00000, 57.00000
30.00000, 65.00000
occurrence6
30.50000, 58.00000
30.50000, 67.00000
occurrence7
31.00000, 48.00000
31.00000, 57.00000
occurrence8
31.00000, 60.00000
31.00000, 69.00000
occurrence9
35.00000, 57.00000
35.00000, 65.00000
occurrence10
36.00000, 55.00000
36.00000, 63.00000
occurrence11
37.00000, 63.00000
37.00000, 72.00000
occurrence12
39.00000, 59.00000
39.00000, 67.00000
occurrence13
40.00000, 64.00000
40.00000, 67.00000
40.00000, 72.00000
occurrence14
41.00000, 57.00000
41.00000, 60.00000
41.00000, 65.00000
occurrence15
42.00000, 58.00000
42.00000, 62.00000
42.00000, 67.00000
occurrence16
43.00000, 52.00000
43.00000, 60.00000
occurrence17
46.00000, 55.00000
46.00000, 63.00000
occurrence18
49.00000, 57.00000
49.00000, 65.00000
occurrence19
52.00000, 60.00000
52.00000, 65.00000
52.00000, 69.00000
pattern7
occurrence1
7.00000, 45.00000
7.00000, 48.00000
7.00000, 60.00000
7.00000, 69.00000
7.00000, 77.00000
8.00000, 46.00000
8.00000, 50.00000
8.00000, 58.00000
8.00000, 65.00000
8.00000, 74.00000
9.00000, 58.00000
9.50000, 48.00000
9.50000, 52.00000
9.50000, 64.00000
9.50000, 72.00000
10.00000, 50.00000
10.00000, 53.00000
10.00000, 62.00000
10.00000, 65.00000
10.00000, 70.00000
10.50000, 55.00000
11.00000, 53.00000
11.00000, 57.00000
11.00000, 60.00000
11.00000, 65.00000
11.00000, 69.00000
11.50000, 58.00000
12.00000, 48.00000
12.00000, 60.00000
12.00000, 64.00000
12.00000, 67.00000
12.50000, 62.00000
13.00000, 48.00000
13.00000, 64.00000
13.50000, 50.00000
13.50000, 65.00000
14.00000, 52.00000
14.00000, 67.00000
14.50000, 50.00000
14.50000, 53.00000
15.00000, 52.00000
15.00000, 55.00000
15.00000, 64.00000
15.00000, 67.00000
15.50000, 53.00000
16.00000, 43.00000
16.00000, 55.00000
16.00000, 62.00000
16.00000, 70.00000
17.00000, 46.00000
17.00000, 62.00000
17.50000, 60.00000
17.50000, 72.00000
18.00000, 50.00000
18.00000, 58.00000
18.00000, 74.00000
18.50000, 48.00000
18.50000, 64.00000
19.00000, 50.00000
19.00000, 53.00000
19.00000, 65.00000
19.00000, 69.00000
20.00000, 48.00000
20.00000, 52.00000
20.00000, 55.00000
20.00000, 64.00000
20.00000, 72.00000
20.50000, 48.00000
21.00000, 45.00000
21.00000, 57.00000
21.00000, 60.00000
21.00000, 65.00000
22.00000, 46.00000
22.00000, 55.00000
22.00000, 62.00000
22.00000, 67.00000
23.00000, 48.00000
23.00000, 55.00000
23.00000, 60.00000
23.00000, 64.00000
23.50000, 65.00000
24.00000, 41.00000
24.00000, 57.00000
24.00000, 60.00000
24.00000, 65.00000
25.00000, 53.00000
25.00000, 69.00000
26.50000, 53.00000
26.50000, 69.00000
27.00000, 48.00000
27.00000, 52.00000
27.00000, 60.00000
27.00000, 67.00000
28.00000, 50.00000
28.00000, 53.00000
28.00000, 65.00000
28.50000, 60.00000
29.00000, 58.00000
29.00000, 62.00000
29.00000, 77.00000
29.50000, 55.00000
29.50000, 64.00000
30.00000, 57.00000
30.00000, 65.00000
30.50000, 58.00000
30.50000, 67.00000
30.50000, 77.00000
31.00000, 48.00000
31.00000, 57.00000
31.00000, 60.00000
31.00000, 69.00000
31.00000, 76.00000
32.00000, 46.00000
32.00000, 58.00000
32.00000, 62.00000
32.00000, 74.00000
32.50000, 46.00000
33.00000, 58.00000
33.50000, 60.00000
33.50000, 64.00000
34.00000, 62.00000
34.00000, 65.00000
34.50000, 64.00000
34.50000, 67.00000
35.00000, 57.00000
35.00000, 65.00000
35.00000, 69.00000
35.00000, 72.00000
35.50000, 60.00000
35.50000, 65.00000
36.00000, 55.00000
36.00000, 63.00000
36.00000, 67.00000
36.00000, 71.00000
37.00000, 60.00000
37.00000, 63.00000
37.00000, 72.00000
38.00000, 62.00000
38.00000, 74.00000
39.00000, 59.00000
39.00000, 67.00000
39.50000, 72.00000
40.00000, 48.00000
40.00000, 60.00000
40.00000, 64.00000
40.00000, 67.00000
40.00000, 72.00000
41.00000, 53.00000
41.00000, 57.00000
41.00000, 60.00000
41.00000, 65.00000
42.00000, 58.00000
42.00000, 62.00000
42.00000, 67.00000
43.00000, 52.00000
43.00000, 60.00000
43.00000, 79.00000
43.50000, 67.00000
44.00000, 53.00000
44.00000, 57.00000
44.00000, 69.00000
44.00000, 72.00000
45.00000, 50.00000
45.00000, 62.00000
45.00000, 65.00000
45.00000, 77.00000
45.50000, 65.00000
46.00000, 51.00000
46.00000, 55.00000
46.00000, 63.00000
46.00000, 67.00000
46.00000, 70.00000
46.50000, 55.00000
47.00000, 46.00000
47.00000, 58.00000
47.00000, 62.00000
47.00000, 74.00000
47.50000, 65.00000
48.00000, 48.00000
48.00000, 60.00000
48.00000, 64.00000
48.00000, 67.00000
49.00000, 57.00000
49.00000, 65.00000
49.00000, 69.00000
49.50000, 70.00000
50.00000, 55.00000
50.00000, 60.00000
50.00000, 72.00000
51.00000, 48.00000
51.00000, 64.00000
51.50000, 70.00000
52.00000, 41.00000
52.00000, 53.00000
52.00000, 60.00000
52.00000, 65.00000
52.00000, 69.00000
pattern8
occurrence1
2.00000, 53.00000
2.00000, 57.00000
3.00000, 55.00000
3.00000, 59.00000
occurrence2
7.00000, 45.00000
7.00000, 48.00000
8.00000, 46.00000
8.00000, 50.00000
occurrence3
19.00000, 50.00000
19.00000, 53.00000
20.00000, 52.00000
20.00000, 55.00000
occurrence4
27.00000, 48.00000
27.00000, 52.00000
28.00000, 50.00000
28.00000, 53.00000
occurrence5
31.00000, 57.00000
31.00000, 60.00000
32.00000, 58.00000
32.00000, 62.00000
occurrence6
35.00000, 65.00000
35.00000, 69.00000
35.50000, 65.00000
36.00000, 67.00000
36.00000, 71.00000
occurrence7
41.00000, 57.00000
41.00000, 60.00000
42.00000, 58.00000
42.00000, 62.00000
occurrence8
45.00000, 62.00000
45.00000, 65.00000
45.50000, 65.00000
46.00000, 63.00000
46.00000, 67.00000
occurrence9
47.00000, 58.00000
47.00000, 62.00000
48.00000, 60.00000
48.00000, 64.00000
occurrence10
48.00000, 64.00000
48.00000, 67.00000
49.00000, 65.00000
49.00000, 69.00000
occurrence11
55.00000, 48.00000
55.00000, 52.00000
56.00000, 50.00000
56.00000, 53.00000
occurrence12
59.00000, 57.00000
59.00000, 60.00000
60.00000, 58.00000
60.00000, 62.00000
occurrence13
63.00000, 65.00000
63.00000, 69.00000
63.50000, 65.00000
64.00000, 67.00000
64.00000, 71.00000
occurrence14
69.00000, 57.00000
69.00000, 60.00000
70.00000, 58.00000
70.00000, 62.00000
occurrence15
73.00000, 62.00000
73.00000, 65.00000
73.50000, 65.00000
74.00000, 63.00000
74.00000, 67.00000
occurrence16
75.00000, 58.00000
75.00000, 62.00000
76.00000, 60.00000
76.00000, 64.00000
occurrence17
76.00000, 64.00000
76.00000, 67.00000
77.00000, 65.00000
77.00000, 69.00000
pattern9
occurrence1
2.00000, 57.00000
2.00000, 60.00000
2.00000, 65.00000
occurrence2
3.00000, 50.00000
3.00000, 55.00000
3.00000, 59.00000
occurrence3
3.00000, 65.00000
3.00000, 74.00000
occurrence4
4.00000, 55.00000
4.00000, 60.00000
4.00000, 64.00000
occurrence5
7.00000, 60.00000
7.00000, 69.00000
occurrence6
7.00000, 69.00000
7.00000, 77.00000
occurrence7
8.00000, 50.00000
8.00000, 58.00000
occurrence8
8.00000, 65.00000
8.00000, 74.00000
occurrence9
9.50000, 64.00000
9.50000, 72.00000
occurrence10
10.00000, 53.00000
10.00000, 62.00000
occurrence11
10.00000, 62.00000
10.00000, 65.00000
10.00000, 70.00000
occurrence12
11.00000, 57.00000
11.00000, 60.00000
11.00000, 65.00000
occurrence13
11.00000, 60.00000
11.00000, 65.00000
11.00000, 69.00000
occurrence14
15.00000, 55.00000
15.00000, 64.00000
occurrence15
16.00000, 62.00000
16.00000, 70.00000
occurrence16
18.00000, 50.00000
18.00000, 58.00000
occurrence17
20.00000, 55.00000
20.00000, 64.00000
occurrence18
20.00000, 64.00000
20.00000, 72.00000
occurrence19
21.00000, 57.00000
21.00000, 60.00000
21.00000, 65.00000
occurrence20
22.00000, 46.00000
22.00000, 55.00000
occurrence21
23.00000, 55.00000
23.00000, 60.00000
23.00000, 64.00000
occurrence22
24.00000, 57.00000
24.00000, 60.00000
24.00000, 65.00000
occurrence23
27.00000, 52.00000
27.00000, 60.00000
occurrence24
29.50000, 55.00000
29.50000, 64.00000
occurrence25
30.00000, 57.00000
30.00000, 65.00000
occurrence26
30.50000, 58.00000
30.50000, 67.00000
occurrence27
31.00000, 48.00000
31.00000, 57.00000
occurrence28
31.00000, 60.00000
31.00000, 69.00000
occurrence29
35.00000, 57.00000
35.00000, 65.00000
occurrence30
36.00000, 55.00000
36.00000, 63.00000
occurrence31
37.00000, 63.00000
37.00000, 72.00000
occurrence32
39.00000, 59.00000
39.00000, 67.00000
occurrence33
40.00000, 64.00000
40.00000, 67.00000
40.00000, 72.00000
occurrence34
41.00000, 57.00000
41.00000, 60.00000
41.00000, 65.00000
occurrence35
42.00000, 58.00000
42.00000, 62.00000
42.00000, 67.00000
occurrence36
43.00000, 52.00000
43.00000, 60.00000
occurrence37
46.00000, 55.00000
46.00000, 63.00000
occurrence38
49.00000, 57.00000
49.00000, 65.00000
occurrence39
52.00000, 60.00000
52.00000, 65.00000
52.00000, 69.00000
occurrence40
55.00000, 52.00000
55.00000, 60.00000
occurrence41
57.50000, 55.00000
57.50000, 64.00000
occurrence42
58.00000, 57.00000
58.00000, 65.00000
occurrence43
58.50000, 58.00000
58.50000, 67.00000
occurrence44
59.00000, 48.00000
59.00000, 57.00000
occurrence45
59.00000, 60.00000
59.00000, 69.00000
occurrence46
63.00000, 57.00000
63.00000, 65.00000
occurrence47
64.00000, 55.00000
64.00000, 63.00000
occurrence48
65.00000, 63.00000
65.00000, 72.00000
occurrence49
67.00000, 59.00000
67.00000, 67.00000
occurrence50
68.00000, 64.00000
68.00000, 67.00000
68.00000, 72.00000
occurrence51
69.00000, 57.00000
69.00000, 60.00000
69.00000, 65.00000
occurrence52
70.00000, 58.00000
70.00000, 62.00000
70.00000, 67.00000
occurrence53
71.00000, 52.00000
71.00000, 60.00000
occurrence54
74.00000, 55.00000
74.00000, 63.00000
occurrence55
77.00000, 57.00000
77.00000, 65.00000
occurrence56
80.00000, 60.00000
80.00000, 65.00000
80.00000, 69.00000
pattern10
occurrence1
1.00000, 53.00000
1.00000, 57.00000
1.00000, 60.00000
1.00000, 72.00000
2.00000, 53.00000
2.00000, 57.00000
2.00000, 60.00000
2.00000, 65.00000
2.00000, 72.00000
3.00000, 50.00000
3.00000, 55.00000
3.00000, 59.00000
3.00000, 65.00000
3.50000, 53.00000
4.00000, 48.00000
4.00000, 55.00000
4.00000, 60.00000
4.00000, 64.00000
5.50000, 53.00000
5.50000, 65.00000
6.00000, 52.00000
6.00000, 67.00000
7.00000, 45.00000
7.00000, 48.00000
7.00000, 60.00000
7.00000, 69.00000
8.00000, 46.00000
8.00000, 50.00000
8.00000, 58.00000
8.00000, 65.00000
9.00000, 58.00000
9.50000, 48.00000
9.50000, 52.00000
9.50000, 64.00000
9.50000, 72.00000
10.00000, 50.00000
10.00000, 53.00000
10.00000, 62.00000
10.00000, 65.00000
10.00000, 70.00000
10.50000, 55.00000
11.00000, 53.00000
11.00000, 57.00000
11.00000, 60.00000
11.00000, 65.00000
11.00000, 69.00000
11.50000, 58.00000
12.00000, 48.00000
12.00000, 60.00000
12.00000, 64.00000
12.00000, 67.00000
12.50000, 62.00000
13.00000, 48.00000
13.00000, 64.00000
13.50000, 50.00000
13.50000, 65.00000
14.00000, 52.00000
14.00000, 67.00000
14.50000, 50.00000
14.50000, 53.00000
15.00000, 52.00000
15.00000, 55.00000
15.00000, 64.00000
15.00000, 67.00000
15.50000, 53.00000
16.00000, 43.00000
16.00000, 55.00000
16.00000, 62.00000
16.00000, 70.00000
17.00000, 46.00000
17.00000, 62.00000
17.50000, 60.00000
17.50000, 72.00000
18.00000, 50.00000
18.00000, 58.00000
18.50000, 48.00000
18.50000, 64.00000
19.00000, 50.00000
19.00000, 53.00000
19.00000, 65.00000
19.00000, 69.00000
20.00000, 48.00000
20.00000, 52.00000
20.00000, 55.00000
20.00000, 64.00000
20.00000, 72.00000
20.50000, 48.00000
21.00000, 45.00000
21.00000, 57.00000
21.00000, 60.00000
21.00000, 65.00000
22.00000, 46.00000
22.00000, 55.00000
22.00000, 62.00000
22.00000, 67.00000
23.00000, 48.00000
23.00000, 55.00000
23.00000, 60.00000
23.00000, 64.00000
23.50000, 65.00000

