pattern1
occurrence1
10.50000, 64.00000
10.62500, 62.00000
10.75000, 60.00000
10.87500, 59.00000
occurrence2
10.62500, 62.00000
10.75000, 60.00000
10.87500, 59.00000
11.00000, 57.00000
occurrence3
11.50000, 60.00000
11.62500, 59.00000
11.75000, 57.00000
11.87500, 55.00000
occurrence4
11.62500, 59.00000
11.75000, 57.00000
11.87500, 55.00000
12.00000, 54.00000
occurrence5
12.62500, 55.00000
12.75000, 54.00000
12.87500, 52.00000
13.00000, 51.00000
occurrence6
13.62500, 52.00000
13.75000, 51.00000
13.87500, 49.00000
14.00000, 47.00000
occurrence7
17.62500, 55.00000
17.75000, 53.00000
17.87500, 52.00000
18.00000, 50.00000
occurrence8
19.62500, 53.00000
19.75000, 52.00000
19.87500, 50.00000
20.00000, 48.00000
occurrence9
22.50000, 69.00000
22.62500, 67.00000
22.75000, 65.00000
22.87500, 64.00000
occurrence10
22.62500, 67.00000
22.75000, 65.00000
22.87500, 64.00000
23.00000, 62.00000
occurrence11
23.50000, 65.00000
23.62500, 64.00000
23.75000, 62.00000
23.87500, 60.00000
occurrence12
23.62500, 64.00000
23.75000, 62.00000
23.87500, 60.00000
24.00000, 59.00000
occurrence13
24.62500, 60.00000
24.75000, 59.00000
24.87500, 57.00000
25.00000, 56.00000
occurrence14
25.62500, 57.00000
25.75000, 56.00000
25.87500, 54.00000
26.00000, 52.00000
occurrence15
29.62500, 60.00000
29.75000, 59.00000
29.87500, 57.00000
30.00000, 55.00000
occurrence16
31.62500, 58.00000
31.75000, 57.00000
31.87500, 55.00000
32.00000, 53.00000
occurrence17
33.50000, 69.00000
33.62500, 67.00000
33.75000, 65.00000
33.87500, 64.00000
occurrence18
33.62500, 67.00000
33.75000, 65.00000
33.87500, 64.00000
34.00000, 62.00000
occurrence19
34.50000, 77.00000
34.62500, 76.00000
34.75000, 74.00000
34.87500, 72.00000
occurrence20
34.62500, 76.00000
34.75000, 74.00000
34.87500, 72.00000
35.00000, 71.00000
occurrence21
35.50000, 67.00000
35.62500, 65.00000
35.75000, 64.00000
35.87500, 62.00000
occurrence22
35.62500, 65.00000
35.75000, 64.00000
35.87500, 62.00000
36.00000, 60.00000
occurrence23
36.50000, 84.00000
36.62500, 83.00000
36.75000, 81.00000
36.87500, 79.00000
occurrence24
36.62500, 83.00000
36.75000, 81.00000
36.87500, 79.00000
37.00000, 77.00000
occurrence25
37.50000, 81.00000
37.62500, 79.00000
37.75000, 77.00000
37.87500, 76.00000
occurrence26
37.62500, 79.00000
37.75000, 77.00000
37.87500, 76.00000
38.00000, 74.00000
occurrence27
38.62500, 76.00000
38.75000, 74.00000
38.87500, 72.00000
39.00000, 71.00000
occurrence28
39.62500, 72.00000
39.75000, 71.00000
39.87500, 69.00000
40.00000, 67.00000
occurrence29
50.50000, 76.00000
50.62500, 74.00000
50.75000, 72.00000
50.87500, 71.00000
occurrence30
50.62500, 74.00000
50.75000, 72.00000
50.87500, 71.00000
51.00000, 69.00000
occurrence31
51.50000, 72.00000
51.62500, 71.00000
51.75000, 69.00000
51.87500, 67.00000
occurrence32
51.62500, 71.00000
51.75000, 69.00000
51.87500, 67.00000
52.00000, 66.00000
occurrence33
52.62500, 67.00000
52.75000, 66.00000
52.87500, 64.00000
53.00000, 63.00000
occurrence34
53.62500, 64.00000
53.75000, 63.00000
53.87500, 61.00000
54.00000, 59.00000
occurrence35
57.62500, 43.00000
57.75000, 41.00000
57.87500, 40.00000
58.00000, 38.00000
occurrence36
59.62500, 77.00000
59.75000, 76.00000
59.87500, 74.00000
60.00000, 72.00000
occurrence37
61.12500, 82.00000
61.25000, 81.00000
61.37500, 79.00000
61.50000, 77.00000
occurrence38
61.62500, 76.00000
61.75000, 74.00000
61.87500, 72.00000
62.00000, 71.00000
occurrence39
62.12500, 72.00000
62.25000, 71.00000
62.37500, 69.00000
62.50000, 68.00000
occurrence40
62.62500, 66.00000
62.75000, 64.00000
62.87500, 62.00000
63.00000, 60.00000
occurrence41
63.50000, 69.00000
63.62500, 67.00000
63.75000, 65.00000
63.87500, 64.00000
occurrence42
63.62500, 67.00000
63.75000, 65.00000
63.87500, 64.00000
64.00000, 62.00000
occurrence43
64.50000, 62.00000
64.62500, 60.00000
64.75000, 59.00000
64.87500, 57.00000
occurrence44
64.62500, 60.00000
64.75000, 59.00000
64.87500, 57.00000
65.00000, 56.00000
occurrence45
65.00000, 59.00000
65.12500, 57.00000
65.25000, 56.00000
65.37500, 54.00000
occurrence46
65.50000, 52.00000
65.62500, 50.00000
65.75000, 48.00000
65.87500, 47.00000
occurrence47
65.62500, 50.00000
65.75000, 48.00000
65.87500, 47.00000
66.00000, 45.00000
occurrence48
66.50000, 57.00000
66.62500, 55.00000
66.75000, 53.00000
66.87500, 52.00000
occurrence49
66.62500, 55.00000
66.75000, 53.00000
66.87500, 52.00000
67.00000, 50.00000
occurrence50
67.50000, 53.00000
67.62500, 52.00000
67.75000, 50.00000
67.87500, 48.00000
occurrence51
67.62500, 52.00000
67.75000, 50.00000
67.87500, 48.00000
68.00000, 47.00000
occurrence52
68.62500, 48.00000
68.75000, 47.00000
68.87500, 45.00000
69.00000, 44.00000
occurrence53
69.62500, 45.00000
69.75000, 44.00000
69.87500, 42.00000
70.00000, 40.00000
occurrence54
72.50000, 76.00000
72.62500, 74.00000
72.75000, 72.00000
72.87500, 71.00000
occurrence55
72.62500, 74.00000
72.75000, 72.00000
72.87500, 71.00000
73.00000, 69.00000
occurrence56
74.50000, 69.00000
74.62500, 67.00000
74.75000, 65.00000
74.87500, 64.00000
occurrence57
74.62500, 67.00000
74.75000, 65.00000
74.87500, 64.00000
75.00000, 62.00000
occurrence58
82.50000, 62.00000
82.62500, 60.00000
82.75000, 58.00000
82.87500, 57.00000
occurrence59
82.75000, 58.00000
82.87500, 57.00000
83.00000, 55.00000
83.12500, 53.00000
occurrence60
83.50000, 58.00000
83.62500, 57.00000
83.75000, 55.00000
83.87500, 53.00000
occurrence61
83.62500, 57.00000
83.75000, 55.00000
83.87500, 53.00000
84.00000, 52.00000
occurrence62
84.62500, 53.00000
84.75000, 52.00000
84.87500, 50.00000
85.00000, 49.00000
occurrence63
85.62500, 50.00000
85.75000, 49.00000
85.87500, 47.00000
86.00000, 45.00000
occurrence64
88.62500, 52.00000
88.75000, 50.00000
88.87500, 48.00000
89.00000, 47.00000
occurrence65
89.62500, 48.00000
89.75000, 47.00000
89.87500, 45.00000
90.00000, 43.00000
occurrence66
93.62500, 64.00000
93.75000, 62.00000
93.87500, 60.00000
94.00000, 59.00000
occurrence67
95.62500, 50.00000
95.75000, 48.00000
95.87500, 47.00000
96.00000, 45.00000
occurrence68
97.12500, 71.00000
97.25000, 69.00000
97.37500, 67.00000
97.50000, 65.00000
occurrence69
97.50000, 65.00000
97.62500, 64.00000
97.75000, 62.00000
97.87500, 60.00000
occurrence70
99.00000, 83.00000
99.12500, 81.00000
99.25000, 80.00000
99.37500, 78.00000
occurrence71
99.50000, 76.00000
99.62500, 74.00000
99.75000, 72.00000
99.87500, 71.00000
occurrence72
100.00000, 76.00000
100.12500, 74.00000
100.25000, 72.00000
100.37500, 71.00000
occurrence73
100.50000, 69.00000
100.62500, 68.00000
100.75000, 66.00000
100.87500, 64.00000
occurrence74
101.00000, 69.00000
101.12500, 67.00000
101.25000, 65.00000
101.37500, 64.00000
occurrence75
101.50000, 62.00000
101.62500, 60.00000
101.75000, 59.00000
101.87500, 57.00000
occurrence76
102.00000, 65.00000
102.12500, 64.00000
102.25000, 62.00000
102.37500, 60.00000
occurrence77
102.50000, 59.00000
102.62500, 57.00000
102.75000, 56.00000
102.87500, 54.00000
occurrence78
103.00000, 62.00000
103.12500, 60.00000
103.25000, 59.00000
103.37500, 57.00000
occurrence79
103.50000, 56.00000
103.62500, 54.00000
103.75000, 52.00000
103.87500, 51.00000
pattern2
occurrence1
1.00000, 64.00000
2.00000, 60.00000
occurrence2
10.50000, 64.00000
11.50000, 60.00000
occurrence3
10.62500, 62.00000
11.62500, 59.00000
occurrence4
10.75000, 60.00000
11.75000, 57.00000
occurrence5
10.87500, 59.00000
11.87500, 55.00000
occurrence6
11.00000, 57.00000
12.00000, 54.00000
occurrence7
12.12500, 55.00000
13.12500, 52.00000
occurrence8
12.25000, 57.00000
13.25000, 54.00000
occurrence9
12.62500, 55.00000
13.62500, 52.00000
occurrence10
12.75000, 54.00000
13.75000, 51.00000
occurrence11
12.87500, 52.00000
13.87500, 49.00000
occurrence12
13.00000, 51.00000
14.00000, 47.00000
occurrence13
16.87500, 55.00000
17.87500, 52.00000
occurrence14
18.87500, 53.00000
19.87500, 50.00000
occurrence15
21.00000, 76.00000
22.00000, 72.00000
occurrence16
22.50000, 69.00000
23.50000, 65.00000
occurrence17
22.62500, 67.00000
23.62500, 64.00000
occurrence18
22.75000, 65.00000
23.75000, 62.00000
occurrence19
22.87500, 64.00000
23.87500, 60.00000
occurrence20
23.00000, 62.00000
24.00000, 59.00000
occurrence21
24.12500, 60.00000
25.12500, 57.00000
occurrence22
24.25000, 62.00000
25.25000, 59.00000
occurrence23
24.50000, 53.00000
25.50000, 50.00000
occurrence24
24.62500, 60.00000
25.62500, 57.00000
occurrence25
24.75000, 59.00000
25.75000, 56.00000
occurrence26
24.87500, 57.00000
25.87500, 54.00000
occurrence27
25.00000, 47.00000
26.00000, 44.00000
occurrence28
25.00000, 56.00000
26.00000, 52.00000
occurrence29
25.50000, 50.00000
26.50000, 47.00000
occurrence30
28.87500, 60.00000
29.87500, 57.00000
occurrence31
30.87500, 59.00000
31.87500, 55.00000
occurrence32
33.00000, 57.00000
34.00000, 53.00000
occurrence33
35.00000, 55.00000
36.00000, 52.00000
occurrence34
36.00000, 60.00000
37.00000, 57.00000
occurrence35
36.50000, 84.00000
37.50000, 81.00000
occurrence36
36.62500, 83.00000
37.62500, 79.00000
occurrence37
36.75000, 81.00000
37.75000, 77.00000
occurrence38
36.87500, 79.00000
37.87500, 76.00000
occurrence39
37.00000, 77.00000
38.00000, 74.00000
occurrence40
38.12500, 76.00000
39.12500, 72.00000
occurrence41
38.25000, 77.00000
39.25000, 74.00000
occurrence42
38.50000, 69.00000
39.50000, 65.00000
occurrence43
38.62500, 76.00000
39.62500, 72.00000
occurrence44
38.75000, 74.00000
39.75000, 71.00000
occurrence45
38.87500, 72.00000
39.87500, 69.00000
occurrence46
39.00000, 62.00000
40.00000, 59.00000
occurrence47
39.00000, 71.00000
40.00000, 67.00000
occurrence48
39.50000, 65.00000
40.50000, 62.00000
occurrence49
41.00000, 71.00000
42.00000, 67.00000
occurrence50
48.50000, 74.00000
49.50000, 71.00000
occurrence51
50.50000, 76.00000
51.50000, 72.00000
occurrence52
50.62500, 74.00000
51.62500, 71.00000
occurrence53
50.75000, 72.00000
51.75000, 69.00000
occurrence54
50.87500, 71.00000
51.87500, 67.00000
occurrence55
51.00000, 69.00000
52.00000, 66.00000
occurrence56
52.12500, 67.00000
53.12500, 64.00000
occurrence57
52.25000, 69.00000
53.25000, 66.00000
occurrence58
52.50000, 60.00000
53.50000, 57.00000
occurrence59
52.62500, 67.00000
53.62500, 64.00000
occurrence60
52.75000, 66.00000
53.75000, 63.00000
occurrence61
52.87500, 64.00000
53.87500, 61.00000
occurrence62
53.00000, 54.00000
54.00000, 51.00000
occurrence63
53.00000, 63.00000
54.00000, 59.00000
occurrence64
53.50000, 57.00000
54.50000, 54.00000
occurrence65
56.87500, 43.00000
57.87500, 40.00000
occurrence66
58.87500, 77.00000
59.87500, 74.00000
occurrence67
60.75000, 77.00000
61.75000, 74.00000
occurrence68
63.50000, 69.00000
64.50000, 65.00000
occurrence69
64.00000, 62.00000
65.00000, 59.00000
occurrence70
64.25000, 59.00000
65.25000, 56.00000
occurrence71
64.50000, 65.00000
65.50000, 62.00000
occurrence72
66.50000, 57.00000
67.50000, 53.00000
occurrence73
66.62500, 55.00000
67.62500, 52.00000
occurrence74
66.75000, 53.00000
67.75000, 50.00000
occurrence75
66.87500, 52.00000
67.87500, 48.00000
occurrence76
67.00000, 50.00000
68.00000, 47.00000
occurrence77
68.12500, 48.00000
69.12500, 45.00000
occurrence78
68.25000, 50.00000
69.25000, 47.00000
occurrence79
68.50000, 77.00000
69.50000, 74.00000
occurrence80
68.62500, 48.00000
69.62500, 45.00000
occurrence81
68.75000, 47.00000
69.75000, 44.00000
occurrence82
68.87500, 45.00000
69.87500, 42.00000
occurrence83
69.00000, 44.00000
70.00000, 40.00000
occurrence84
69.00000, 71.00000
70.00000, 68.00000
occurrence85
76.00000, 71.00000
77.00000, 67.00000
occurrence86
78.75000, 65.00000
79.75000, 62.00000
occurrence87
78.87500, 67.00000
79.87500, 64.00000
occurrence88
81.00000, 81.00000
82.00000, 77.00000
occurrence89
82.25000, 58.00000
83.25000, 55.00000
occurrence90
82.37500, 60.00000
83.37500, 57.00000
occurrence91
82.50000, 62.00000
83.50000, 58.00000
occurrence92
82.62500, 60.00000
83.62500, 57.00000
occurrence93
82.75000, 58.00000
83.75000, 55.00000
occurrence94
82.87500, 57.00000
83.87500, 53.00000
occurrence95
83.00000, 55.00000
84.00000, 52.00000
occurrence96
84.12500, 53.00000
85.12500, 50.00000
occurrence97
84.25000, 55.00000
85.25000, 52.00000
occurrence98
84.50000, 70.00000
85.50000, 67.00000
occurrence99
84.62500, 53.00000
85.62500, 50.00000
occurrence100
84.75000, 52.00000
85.75000, 49.00000
occurrence101
84.87500, 50.00000
85.87500, 47.00000
occurrence102
85.00000, 49.00000
86.00000, 45.00000
occurrence103
85.00000, 64.00000
86.00000, 61.00000
occurrence104
88.00000, 50.00000
89.00000, 47.00000
occurrence105
88.12500, 52.00000
89.12500, 48.00000
occurrence106
88.25000, 53.00000
89.25000, 50.00000
occurrence107
88.50000, 69.00000
89.50000, 65.00000
occurrence108
88.62500, 52.00000
89.62500, 48.00000
occurrence109
88.75000, 50.00000
89.75000, 47.00000
occurrence110
88.87500, 48.00000
89.87500, 45.00000
occurrence111
89.00000, 47.00000
90.00000, 43.00000
occurrence112
89.00000, 62.00000
90.00000, 59.00000
occurrence113
92.87500, 64.00000
93.87500, 60.00000
occurrence114
94.50000, 71.00000
95.50000, 68.00000
occurrence115
94.87500, 50.00000
95.87500, 47.00000
occurrence116
98.62500, 78.00000
99.62500, 74.00000
occurrence117
99.00000, 52.00000
100.00000, 48.00000
occurrence118
100.00000, 57.00000
101.00000, 53.00000
occurrence119
101.00000, 69.00000
102.00000, 65.00000
occurrence120
101.12500, 67.00000
102.12500, 64.00000
occurrence121
101.25000, 65.00000
102.25000, 62.00000
occurrence122
101.37500, 64.00000
102.37500, 60.00000
occurrence123
101.50000, 62.00000
102.50000, 59.00000
occurrence124
101.62500, 60.00000
102.62500, 57.00000
occurrence125
101.75000, 59.00000
102.75000, 56.00000
occurrence126
101.87500, 57.00000
102.87500, 54.00000
occurrence127
102.00000, 65.00000
103.00000, 62.00000
occurrence128
102.12500, 64.00000
103.12500, 60.00000
occurrence129
102.25000, 62.00000
103.25000, 59.00000
occurrence130
102.37500, 60.00000
103.37500, 57.00000
occurrence131
102.50000, 59.00000
103.50000, 56.00000
occurrence132
102.62500, 57.00000
103.62500, 54.00000
occurrence133
102.75000, 56.00000
103.75000, 52.00000
occurrence134
102.87500, 54.00000
103.87500, 51.00000
occurrence135
108.50000, 71.00000
109.50000, 68.00000
occurrence136
109.00000, 64.00000
110.00000, 60.00000
pattern3
occurrence1
12.00000, 54.00000
12.12500, 55.00000
12.25000, 57.00000
occurrence2
13.00000, 51.00000
13.12500, 52.00000
13.25000, 54.00000
occurrence3
15.75000, 49.00000
15.87500, 51.00000
16.00000, 52.00000
occurrence4
16.62500, 52.00000
16.75000, 53.00000
16.87500, 55.00000
occurrence5
16.75000, 53.00000
16.87500, 55.00000
17.00000, 57.00000
occurrence6
18.62500, 50.00000
18.75000, 52.00000
18.87500, 53.00000
occurrence7
18.75000, 52.00000
18.87500, 53.00000
19.00000, 55.00000
occurrence8
24.00000, 59.00000
24.12500, 60.00000
24.25000, 62.00000
occurrence9
25.00000, 56.00000
25.12500, 57.00000
25.25000, 59.00000
occurrence10
27.75000, 54.00000
27.87500, 56.00000
28.00000, 57.00000
occurrence11
28.62500, 57.00000
28.75000, 59.00000
28.87500, 60.00000
occurrence12
28.75000, 59.00000
28.87500, 60.00000
29.00000, 62.00000
occurrence13
30.62500, 55.00000
30.75000, 57.00000
30.87500, 59.00000
occurrence14
30.75000, 57.00000
30.87500, 59.00000
31.00000, 60.00000
occurrence15
33.12500, 64.00000
33.25000, 65.00000
33.37500, 67.00000
occurrence16
33.25000, 65.00000
33.37500, 67.00000
33.50000, 69.00000
occurrence17
34.12500, 72.00000
34.25000, 74.00000
34.37500, 76.00000
occurrence18
34.25000, 74.00000
34.37500, 76.00000
34.50000, 77.00000
occurrence19
35.12500, 62.00000
35.25000, 64.00000
35.37500, 65.00000
occurrence20
35.25000, 64.00000
35.37500, 65.00000
35.50000, 67.00000
occurrence21
38.00000, 74.00000
38.12500, 76.00000
38.25000, 77.00000
occurrence22
39.00000, 71.00000
39.12500, 72.00000
39.25000, 74.00000
occurrence23
41.75000, 69.00000
41.87500, 71.00000
42.00000, 72.00000
occurrence24
43.75000, 52.00000
43.87500, 54.00000
44.00000, 55.00000
occurrence25
45.75000, 59.00000
45.87500, 61.00000
46.00000, 62.00000
occurrence26
47.75000, 66.00000
47.87500, 68.00000
48.00000, 69.00000
occurrence27
48.25000, 71.00000
48.37500, 72.00000
48.50000, 74.00000
occurrence28
48.62500, 76.00000
48.75000, 78.00000
48.87500, 80.00000
occurrence29
48.75000, 78.00000
48.87500, 80.00000
49.00000, 81.00000
occurrence30
52.00000, 66.00000
52.12500, 67.00000
52.25000, 69.00000
occurrence31
53.00000, 63.00000
53.12500, 64.00000
53.25000, 66.00000
occurrence32
55.75000, 61.00000
55.87500, 63.00000
56.00000, 64.00000
occurrence33
56.62500, 40.00000
56.75000, 41.00000
56.87500, 43.00000
occurrence34
56.75000, 41.00000
56.87500, 43.00000
57.00000, 45.00000
occurrence35
58.62500, 74.00000
58.75000, 76.00000
58.87500, 77.00000
occurrence36
58.75000, 76.00000
58.87500, 77.00000
59.00000, 79.00000
occurrence37
60.62500, 76.00000
60.75000, 77.00000
60.87500, 79.00000
occurrence38
60.87500, 79.00000
61.00000, 81.00000
61.12500, 82.00000
occurrence39
63.12500, 64.00000
63.25000, 65.00000
63.37500, 67.00000
occurrence40
63.25000, 65.00000
63.37500, 67.00000
63.50000, 69.00000
occurrence41
64.12500, 57.00000
64.25000, 59.00000
64.37500, 60.00000
occurrence42
64.25000, 59.00000
64.37500, 60.00000
64.50000, 62.00000
occurrence43
68.00000, 47.00000
68.12500, 48.00000
68.25000, 50.00000
occurrence44
69.00000, 44.00000
69.12500, 45.00000
69.25000, 47.00000
occurrence45
71.75000, 42.00000
71.87500, 44.00000
72.00000, 45.00000
occurrence46
73.75000, 47.00000
73.87500, 49.00000
74.00000, 50.00000
occurrence47
75.75000, 52.00000
75.87500, 54.00000
76.00000, 55.00000
occurrence48
77.75000, 57.00000
77.87500, 59.00000
78.00000, 60.00000
occurrence49
79.75000, 62.00000
79.87500, 64.00000
80.00000, 65.00000
occurrence50
80.25000, 71.00000
80.37500, 73.00000
80.50000, 74.00000
occurrence51
81.75000, 67.00000
81.87500, 69.00000
82.00000, 70.00000
occurrence52
82.25000, 58.00000
82.37500, 60.00000
82.50000, 62.00000
occurrence53
83.12500, 53.00000
83.25000, 55.00000
83.37500, 57.00000
occurrence54
83.25000, 55.00000
83.37500, 57.00000
83.50000, 58.00000
occurrence55
84.00000, 52.00000
84.12500, 53.00000
84.25000, 55.00000
occurrence56
85.00000, 49.00000
85.12500, 50.00000
85.25000, 52.00000
occurrence57
87.75000, 47.00000
87.87500, 49.00000
88.00000, 50.00000
occurrence58
88.00000, 50.00000
88.12500, 52.00000
88.25000, 53.00000
occurrence59
89.00000, 47.00000
89.12500, 48.00000
89.25000, 50.00000
occurrence60
91.75000, 45.00000
91.87500, 47.00000
92.00000, 48.00000
occurrence61
92.62500, 60.00000
92.75000, 62.00000
92.87500, 64.00000
occurrence62
92.75000, 62.00000
92.87500, 64.00000
93.00000, 65.00000
occurrence63
94.62500, 47.00000
94.75000, 48.00000
94.87500, 50.00000
occurrence64
94.75000, 48.00000
94.87500, 50.00000
95.00000, 52.00000
occurrence65
96.25000, 47.00000
96.37500, 48.00000
96.50000, 50.00000
occurrence66
96.62500, 52.00000
96.75000, 54.00000
96.87500, 56.00000
occurrence67
96.75000, 54.00000
96.87500, 56.00000
97.00000, 57.00000
occurrence68
98.12500, 71.00000
98.25000, 72.00000
98.37500, 74.00000
occurrence69
98.50000, 76.00000
98.62500, 78.00000
98.75000, 80.00000
occurrence70
98.75000, 80.00000
98.87500, 81.00000
99.00000, 83.00000
occurrence71
104.62500, 64.00000
104.75000, 66.00000
104.87500, 68.00000
occurrence72
105.75000, 66.00000
105.87500, 68.00000
106.00000, 69.00000
occurrence73
106.62500, 59.00000
106.75000, 60.00000
106.87500, 62.00000
occurrence74
107.75000, 59.00000
107.87500, 61.00000
108.00000, 62.00000
pattern4
occurrence1
6.50000, 62.00000
7.00000, 59.00000
occurrence2
7.50000, 64.00000
8.00000, 60.00000
occurrence3
8.50000, 57.00000
9.00000, 54.00000
occurrence4
10.00000, 67.00000
10.50000, 64.00000
occurrence5
11.62500, 59.00000
12.12500, 55.00000
occurrence6
12.25000, 57.00000
12.75000, 54.00000
occurrence7
12.62500, 55.00000
13.12500, 52.00000
occurrence8
13.25000, 54.00000
13.75000, 51.00000
occurrence9
14.50000, 69.00000
15.00000, 66.00000
occurrence10
15.50000, 71.00000
16.00000, 67.00000
occurrence11
16.50000, 64.00000
17.00000, 61.00000
occurrence12
17.50000, 69.00000
18.00000, 65.00000
occurrence13
18.50000, 62.00000
19.00000, 59.00000
occurrence14
19.50000, 67.00000
20.00000, 64.00000
occurrence15
22.00000, 72.00000
22.50000, 69.00000
occurrence16
23.62500, 64.00000
24.12500, 60.00000
occurrence17
24.25000, 62.00000
24.75000, 59.00000
occurrence18
24.62500, 60.00000
25.12500, 57.00000
occurrence19
25.25000, 59.00000
25.75000, 56.00000
occurrence20
26.50000, 74.00000
27.00000, 71.00000
occurrence21
27.50000, 76.00000
28.00000, 72.00000
occurrence22
28.50000, 69.00000
29.00000, 66.00000
occurrence23
29.50000, 74.00000
30.00000, 71.00000
occurrence24
30.50000, 67.00000
31.00000, 64.00000
occurrence25
31.50000, 72.00000
32.00000, 69.00000
occurrence26
33.00000, 72.00000
33.50000, 69.00000
occurrence27
33.37500, 67.00000
33.87500, 64.00000
occurrence28
34.00000, 53.00000
34.50000, 50.00000
occurrence29
34.37500, 76.00000
34.87500, 72.00000
occurrence30
35.00000, 71.00000
35.50000, 67.00000
occurrence31
35.37500, 65.00000
35.87500, 62.00000
occurrence32
37.62500, 79.00000
38.12500, 76.00000
occurrence33
38.25000, 77.00000
38.75000, 74.00000
occurrence34
38.62500, 76.00000
39.12500, 72.00000
occurrence35
39.25000, 74.00000
39.75000, 71.00000
occurrence36
40.50000, 53.00000
41.00000, 50.00000
occurrence37
41.00000, 65.00000
41.50000, 62.00000
occurrence38
41.50000, 55.00000
42.00000, 52.00000
occurrence39
42.50000, 60.00000
43.00000, 57.00000
occurrence40
43.50000, 62.00000
44.00000, 59.00000
occurrence41
44.00000, 55.00000
44.50000, 52.00000
occurrence42
44.50000, 67.00000
45.00000, 64.00000
occurrence43
45.50000, 69.00000
46.00000, 66.00000
occurrence44
46.50000, 50.00000
47.00000, 47.00000
occurrence45
47.50000, 52.00000
48.00000, 48.00000
occurrence46
48.50000, 45.00000
49.00000, 42.00000
occurrence47
50.00000, 79.00000
50.50000, 76.00000
occurrence48
51.62500, 71.00000
52.12500, 67.00000
occurrence49
52.25000, 69.00000
52.75000, 66.00000
occurrence50
52.62500, 67.00000
53.12500, 64.00000
occurrence51
53.25000, 66.00000
53.75000, 63.00000
occurrence52
54.50000, 81.00000
55.00000, 78.00000
occurrence53
55.50000, 83.00000
56.00000, 79.00000
occurrence54
56.50000, 76.00000
57.00000, 73.00000
occurrence55
57.50000, 81.00000
58.00000, 77.00000
occurrence56
58.50000, 62.00000
59.00000, 59.00000
occurrence57
59.50000, 67.00000
60.00000, 64.00000
occurrence58
60.50000, 57.00000
61.00000, 53.00000
occurrence59
61.00000, 81.00000
61.50000, 77.00000
occurrence60
61.62500, 76.00000
62.12500, 72.00000
occurrence61
61.75000, 74.00000
62.25000, 71.00000
occurrence62
61.87500, 72.00000
62.37500, 69.00000
occurrence63
62.00000, 56.00000
62.50000, 52.00000
occurrence64
62.00000, 71.00000
62.50000, 68.00000
occurrence65
63.37500, 67.00000
63.87500, 64.00000
occurrence66
64.37500, 60.00000
64.87500, 57.00000
occurrence67
64.50000, 62.00000
65.00000, 59.00000
occurrence68
64.62500, 60.00000
65.12500, 57.00000
occurrence69
64.75000, 59.00000
65.25000, 56.00000
occurrence70
64.87500, 57.00000
65.37500, 54.00000
occurrence71
65.00000, 56.00000
65.50000, 52.00000
occurrence72
66.00000, 60.00000
66.50000, 57.00000
occurrence73
66.50000, 69.00000
67.00000, 65.00000
occurrence74
67.00000, 65.00000
67.50000, 62.00000
occurrence75
67.62500, 52.00000
68.12500, 48.00000
occurrence76
68.25000, 50.00000
68.75000, 47.00000
occurrence77
68.62500, 48.00000
69.12500, 45.00000
occurrence78
69.25000, 47.00000
69.75000, 44.00000
occurrence79
70.50000, 62.00000
71.00000, 59.00000
occurrence80
71.50000, 64.00000
72.00000, 60.00000
occurrence81
76.50000, 71.00000
77.00000, 67.00000
occurrence82
78.50000, 64.00000
79.00000, 60.00000
occurrence83
80.25000, 71.00000
80.75000, 67.00000
occurrence84
80.37500, 73.00000
80.87500, 69.00000
occurrence85
82.37500, 60.00000
82.87500, 57.00000
occurrence86
82.75000, 58.00000
83.25000, 55.00000
occurrence87
83.37500, 57.00000
83.87500, 53.00000
occurrence88
83.62500, 57.00000
84.12500, 53.00000
occurrence89
84.25000, 55.00000
84.75000, 52.00000
occurrence90
84.62500, 53.00000
85.12500, 50.00000
occurrence91
85.25000, 52.00000
85.75000, 49.00000
occurrence92
86.50000, 79.00000
87.00000, 76.00000
occurrence93
87.50000, 81.00000
88.00000, 77.00000
occurrence94
88.00000, 77.00000
88.50000, 74.00000
occurrence95
88.25000, 53.00000
88.75000, 50.00000
occurrence96
88.62500, 52.00000
89.12500, 48.00000
occurrence97
89.25000, 50.00000
89.75000, 47.00000
occurrence98
90.50000, 77.00000
91.00000, 74.00000
occurrence99
91.50000, 79.00000
92.00000, 76.00000
occurrence100
92.50000, 72.00000
93.00000, 69.00000
occurrence101
93.50000, 77.00000
94.00000, 74.00000
occurrence102
94.50000, 62.00000
95.00000, 59.00000
occurrence103
94.50000, 71.00000
95.00000, 68.00000
occurrence104
95.50000, 76.00000
96.00000, 72.00000
occurrence105
97.50000, 65.00000
98.00000, 62.00000
occurrence106
98.50000, 56.00000
99.00000, 52.00000
occurrence107
98.50000, 59.00000
99.00000, 56.00000
occurrence108
98.87500, 81.00000
99.37500, 78.00000
occurrence109
103.50000, 56.00000
104.00000, 52.00000
occurrence110
104.50000, 50.00000
105.00000, 47.00000
occurrence111
105.50000, 52.00000
106.00000, 48.00000
occurrence112
106.00000, 48.00000
106.50000, 45.00000
occurrence113
109.50000, 68.00000
110.00000, 64.00000
pattern5
occurrence1
14.75000, 49.00000
14.87500, 51.00000
15.00000, 51.00000
15.75000, 49.00000
15.87500, 51.00000
16.00000, 52.00000
occurrence2
26.75000, 54.00000
26.87500, 56.00000
27.00000, 56.00000
27.75000, 54.00000
27.87500, 56.00000
28.00000, 57.00000
occurrence3
40.75000, 69.00000
40.87500, 71.00000
41.00000, 71.00000
41.75000, 69.00000
41.87500, 71.00000
42.00000, 72.00000
occurrence4
42.75000, 52.00000
42.87500, 54.00000
43.00000, 54.00000
43.75000, 52.00000
43.87500, 54.00000
44.00000, 55.00000
occurrence5
44.75000, 59.00000
44.87500, 61.00000
45.00000, 61.00000
45.75000, 59.00000
45.87500, 61.00000
46.00000, 62.00000
occurrence6
46.75000, 66.00000
46.87500, 68.00000
47.00000, 68.00000
47.75000, 66.00000
47.87500, 68.00000
48.00000, 69.00000
occurrence7
54.75000, 61.00000
54.87500, 63.00000
55.00000, 63.00000
55.75000, 61.00000
55.87500, 63.00000
56.00000, 64.00000
occurrence8
70.75000, 42.00000
70.87500, 44.00000
71.00000, 44.00000
71.75000, 42.00000
71.87500, 44.00000
72.00000, 45.00000
occurrence9
72.75000, 47.00000
72.87500, 48.00000
73.00000, 49.00000
73.75000, 47.00000
73.87500, 49.00000
74.00000, 50.00000
occurrence10
74.75000, 52.00000
74.87500, 53.00000
75.00000, 54.00000
75.75000, 52.00000
75.87500, 54.00000
76.00000, 55.00000
occurrence11
76.75000, 57.00000
76.87500, 59.00000
77.00000, 59.00000
77.75000, 57.00000
77.87500, 59.00000
78.00000, 60.00000
occurrence12
78.75000, 62.00000
78.87500, 64.00000
79.00000, 64.00000
79.75000, 62.00000
79.87500, 64.00000
80.00000, 65.00000
occurrence13
80.75000, 67.00000
80.87500, 69.00000
81.00000, 69.00000
81.75000, 67.00000
81.87500, 69.00000
82.00000, 70.00000
occurrence14
86.75000, 47.00000
86.87500, 49.00000
87.00000, 49.00000
87.75000, 47.00000
87.87500, 49.00000
88.00000, 50.00000
occurrence15
90.75000, 45.00000
90.87500, 47.00000
91.00000, 47.00000
91.75000, 45.00000
91.87500, 47.00000
92.00000, 48.00000
occurrence16
104.75000, 66.00000
104.87500, 68.00000
105.00000, 68.00000
105.75000, 66.00000
105.87500, 68.00000
106.00000, 69.00000
pattern6
occurrence1
2.00000, 60.00000
3.00000, 65.00000
occurrence2
8.50000, 57.00000
9.50000, 63.00000
occurrence3
10.00000, 52.00000
11.00000, 57.00000
occurrence4
10.00000, 67.00000
11.00000, 72.00000
occurrence5
11.00000, 57.00000
12.00000, 63.00000
occurrence6
15.75000, 49.00000
16.75000, 53.00000
occurrence7
15.87500, 51.00000
16.87500, 55.00000
occurrence8
16.00000, 52.00000
17.00000, 57.00000
occurrence9
16.50000, 64.00000
17.50000, 69.00000
occurrence10
17.00000, 61.00000
18.00000, 65.00000
occurrence11
18.00000, 50.00000
19.00000, 55.00000
occurrence12
18.50000, 62.00000
19.50000, 67.00000
occurrence13
19.00000, 59.00000
20.00000, 64.00000
occurrence14
21.00000, 52.00000
22.00000, 57.00000
occurrence15
22.00000, 72.00000
23.00000, 77.00000
occurrence16
23.00000, 62.00000
24.00000, 68.00000
occurrence17
25.00000, 47.00000
26.00000, 52.00000
occurrence18
27.00000, 52.00000
28.00000, 57.00000
occurrence19
27.75000, 54.00000
28.75000, 59.00000
occurrence20
27.87500, 56.00000
28.87500, 60.00000
occurrence21
28.00000, 57.00000
29.00000, 62.00000
occurrence22
28.50000, 69.00000
29.50000, 74.00000
occurrence23
29.00000, 66.00000
30.00000, 71.00000
occurrence24
30.00000, 55.00000
31.00000, 60.00000
occurrence25
30.50000, 67.00000
31.50000, 72.00000
occurrence26
31.00000, 64.00000
32.00000, 69.00000
occurrence27
33.00000, 57.00000
34.00000, 62.00000
occurrence28
35.00000, 55.00000
36.00000, 60.00000
occurrence29
36.00000, 52.00000
37.00000, 57.00000
occurrence30
39.00000, 62.00000
40.00000, 67.00000
occurrence31
41.50000, 55.00000
42.50000, 60.00000
occurrence32
42.00000, 52.00000
43.00000, 57.00000
occurrence33
43.00000, 54.00000
44.00000, 59.00000
occurrence34
43.50000, 62.00000
44.50000, 67.00000
occurrence35
44.00000, 55.00000
45.00000, 61.00000
occurrence36
44.00000, 59.00000
45.00000, 64.00000
occurrence37
45.00000, 57.00000
46.00000, 62.00000
occurrence38
45.00000, 61.00000
46.00000, 66.00000
occurrence39
46.00000, 62.00000
47.00000, 68.00000
occurrence40
48.50000, 45.00000
49.50000, 51.00000
occurrence41
49.50000, 71.00000
50.50000, 76.00000
occurrence42
50.00000, 79.00000
51.00000, 84.00000
occurrence43
51.00000, 69.00000
52.00000, 75.00000
occurrence44
53.00000, 54.00000
54.00000, 59.00000
occurrence45
55.00000, 59.00000
56.00000, 64.00000
occurrence46
56.50000, 76.00000
57.50000, 81.00000
occurrence47
57.00000, 73.00000
58.00000, 77.00000
occurrence48
58.50000, 62.00000
59.50000, 67.00000
occurrence49
59.00000, 59.00000
60.00000, 64.00000
occurrence50
59.87500, 74.00000
60.87500, 79.00000
occurrence51
60.50000, 57.00000
61.50000, 62.00000
occurrence52
62.00000, 56.00000
63.00000, 60.00000
occurrence53
62.50000, 68.00000
63.50000, 72.00000
occurrence54
63.00000, 57.00000
64.00000, 62.00000
occurrence55
65.00000, 56.00000
66.00000, 60.00000
occurrence56
65.50000, 52.00000
66.50000, 57.00000
occurrence57
65.62500, 50.00000
66.62500, 55.00000
occurrence58
65.75000, 48.00000
66.75000, 53.00000
occurrence59
65.87500, 47.00000
66.87500, 52.00000
occurrence60
66.00000, 45.00000
67.00000, 50.00000
occurrence61
66.00000, 60.00000
67.00000, 65.00000
occurrence62
66.50000, 57.00000
67.50000, 62.00000
occurrence63
67.00000, 50.00000
68.00000, 56.00000
occurrence64
71.75000, 42.00000
72.75000, 47.00000
occurrence65
71.87500, 44.00000
72.87500, 48.00000
occurrence66
73.75000, 47.00000
74.75000, 52.00000
occurrence67
73.87500, 49.00000
74.87500, 53.00000
occurrence68
75.75000, 52.00000
76.75000, 57.00000
occurrence69
75.87500, 54.00000
76.87500, 59.00000
occurrence70
77.75000, 57.00000
78.75000, 62.00000
occurrence71
77.87500, 59.00000
78.87500, 64.00000
occurrence72
79.00000, 60.00000
80.00000, 65.00000
occurrence73
79.00000, 64.00000
80.00000, 69.00000
occurrence74
79.75000, 62.00000
80.75000, 67.00000
occurrence75
79.87500, 64.00000
80.87500, 69.00000
occurrence76
81.00000, 69.00000
82.00000, 74.00000
occurrence77
82.00000, 77.00000
83.00000, 82.00000
occurrence78
86.50000, 76.00000
87.50000, 81.00000
occurrence79
90.50000, 74.00000
91.50000, 79.00000
occurrence80
92.50000, 72.00000
93.50000, 77.00000
occurrence81
93.00000, 69.00000
94.00000, 74.00000
occurrence82
94.50000, 62.00000
95.50000, 68.00000
occurrence83
94.50000, 71.00000
95.50000, 76.00000
occurrence84
95.00000, 68.00000
96.00000, 72.00000
occurrence85
95.75000, 48.00000
96.75000, 54.00000
occurrence86
96.87500, 56.00000
97.87500, 60.00000
occurrence87
97.00000, 57.00000
98.00000, 62.00000
occurrence88
99.00000, 52.00000
100.00000, 57.00000
occurrence89
100.00000, 48.00000
101.00000, 53.00000
occurrence90
109.00000, 40.00000
110.00000, 45.00000
occurrence91
109.00000, 56.00000
110.00000, 60.00000
occurrence92
109.00000, 64.00000
110.00000, 69.00000
pattern7
occurrence1
2.00000, 60.00000
6.50000, 62.00000
occurrence2
4.00000, 56.00000
8.50000, 57.00000
occurrence3
7.00000, 59.00000
11.50000, 60.00000
occurrence4
10.00000, 67.00000
14.50000, 69.00000
occurrence5
10.50000, 64.00000
15.00000, 66.00000
occurrence6
12.00000, 63.00000
16.50000, 64.00000
occurrence7
15.00000, 66.00000
19.50000, 67.00000
occurrence8
16.00000, 67.00000
20.50000, 69.00000
occurrence9
21.25000, 53.00000
25.75000, 56.00000
occurrence10
21.37500, 52.00000
25.87500, 54.00000
occurrence11
21.50000, 50.00000
26.00000, 52.00000
occurrence12
22.00000, 72.00000
26.50000, 74.00000
occurrence13
22.50000, 69.00000
27.00000, 71.00000
occurrence14
24.00000, 68.00000
28.50000, 69.00000
occurrence15
27.00000, 71.00000
31.50000, 72.00000
occurrence16
32.00000, 53.00000
36.50000, 55.00000
occurrence17
32.50000, 55.00000
37.00000, 57.00000
occurrence18
36.00000, 52.00000
40.50000, 53.00000
occurrence19
36.00000, 60.00000
40.50000, 62.00000
occurrence20
37.00000, 60.00000
41.50000, 62.00000
occurrence21
37.50000, 65.00000
42.00000, 67.00000
occurrence22
40.50000, 62.00000
45.00000, 64.00000
occurrence23
50.00000, 79.00000
54.50000, 81.00000
occurrence24
50.50000, 76.00000
55.00000, 78.00000
occurrence25
52.00000, 75.00000
56.50000, 76.00000
occurrence26
60.00000, 64.00000
64.50000, 65.00000
occurrence27
60.50000, 57.00000
65.00000, 59.00000
occurrence28
62.00000, 56.00000
66.50000, 57.00000
occurrence29
63.00000, 60.00000
67.50000, 62.00000
occurrence30
66.00000, 60.00000
70.50000, 62.00000
occurrence31
66.50000, 57.00000
71.00000, 59.00000
occurrence32
66.50000, 69.00000
71.00000, 71.00000
occurrence33
70.00000, 68.00000
74.50000, 69.00000
occurrence34
71.00000, 71.00000
75.50000, 72.00000
occurrence35
77.75000, 57.00000
82.25000, 58.00000
occurrence36
77.87500, 59.00000
82.37500, 60.00000
occurrence37
78.00000, 60.00000
82.50000, 62.00000
occurrence38
79.50000, 70.00000
84.00000, 73.00000
occurrence39
80.00000, 69.00000
84.50000, 70.00000
occurrence40
82.00000, 74.00000
86.50000, 76.00000
occurrence41
82.00000, 77.00000
86.50000, 79.00000
occurrence42
84.00000, 73.00000
88.50000, 74.00000
occurrence43
85.00000, 64.00000
89.50000, 65.00000
occurrence44
91.00000, 74.00000
95.50000, 76.00000
occurrence45
91.75000, 45.00000
96.25000, 47.00000
occurrence46
91.87500, 47.00000
96.37500, 48.00000
occurrence47
92.00000, 48.00000
96.50000, 50.00000
occurrence48
94.00000, 74.00000
98.50000, 76.00000
occurrence49
98.75000, 57.00000
103.25000, 59.00000
occurrence50
99.50000, 50.00000
104.00000, 52.00000
occurrence51
100.00000, 48.00000
104.50000, 50.00000
occurrence52
102.00000, 44.00000
106.50000, 45.00000
occurrence53
102.37500, 60.00000
106.87500, 62.00000
occurrence54
102.50000, 59.00000
107.00000, 61.00000
pattern8
occurrence1
9.00000, 69.00000
20.75000, 50.00000
21.50000, 68.00000
21.75000, 52.00000
22.00000, 53.00000
28.00000, 45.00000
29.50000, 54.00000
31.50000, 52.00000
32.25000, 65.00000
32.50000, 71.00000
32.75000, 65.00000
33.50000, 55.00000
35.50000, 53.00000
38.00000, 47.00000
49.25000, 72.00000
49.75000, 78.00000
50.00000, 40.00000
50.25000, 71.00000
56.00000, 52.00000
64.00000, 71.00000
66.25000, 64.00000
67.25000, 57.00000
73.25000, 73.00000
73.37500, 76.00000
73.50000, 79.00000
74.00000, 77.00000
75.25000, 66.00000
75.37500, 69.00000
76.25000, 74.00000
76.37500, 72.00000
76.75000, 72.00000
76.87500, 74.00000
77.50000, 77.00000
78.00000, 76.00000
78.25000, 67.00000
78.37500, 65.00000
81.50000, 72.00000
87.00000, 69.00000
91.00000, 67.00000
96.00000, 69.00000
98.75000, 54.00000
107.00000, 40.00000
107.50000, 43.00000
108.00000, 41.00000
108.12500, 40.00000
108.25000, 38.00000
108.50000, 65.00000
108.75000, 40.00000
108.87500, 41.00000
109.50000, 59.00000
109.75000, 38.00000
109.87500, 40.00000
110.00000, 33.00000

